stage_index,trained_until,task,dataset,num_samples,num_standard_scored,num_judged,standard_score,llm_judge_score,official_metric_coverage,direct_comparison_coverage,judge_coverage,standard_judge_agreement_at_0_5,standard_judge_pearson,standard_judge_mean_absolute_gap,standard_protocol_counts,standard_metric_counts,agreement_confusion_at_0_5
1,natural_photo,natural_photo,ai2d,20,20,20,0.300000,0.350000,1.000000,0.000000,1.000000,0.850000,0.663388,0.150000,"{""official_metric"": 20}","{""multiple_choice_accuracy"": 20}","{""both_correct"": 5, ""both_incorrect"": 12, ""judge_only_correct"": 2, ""standard_only_correct"": 1}"
1,natural_photo,natural_photo,aokvqa,100,100,100,0.160000,0.442000,1.000000,0.000000,1.000000,0.690000,0.510877,0.282000,"{""official_metric"": 100}","{""multiple_choice_accuracy"": 100}","{""both_correct"": 16, ""both_incorrect"": 53, ""judge_only_correct"": 31}"
1,natural_photo,natural_photo,gqa,119,119,119,0.403361,0.441176,1.000000,0.000000,1.000000,0.949580,0.937445,0.037815,"{""official_metric"": 119}","{""normalized_accuracy"": 119}","{""both_correct"": 48, ""both_incorrect"": 65, ""judge_only_correct"": 6}"
1,natural_photo,natural_photo,iconqa,83,83,83,0.240964,0.292771,1.000000,0.000000,1.000000,0.927711,0.900412,0.051807,"{""official_metric"": 83}","{""multiple_choice_accuracy"": 83}","{""both_correct"": 20, ""both_incorrect"": 57, ""judge_only_correct"": 6}"
1,natural_photo,natural_photo,infographicvqa,8,8,8,0.625000,0.500000,1.000000,0.000000,1.000000,0.750000,0.904534,0.125000,"{""official_metric"": 8}","{""anls"": 8}","{""both_correct"": 4, ""both_incorrect"": 2, ""standard_only_correct"": 2}"
1,natural_photo,natural_photo,mmmu,77,77,77,0.103896,0.145455,1.000000,0.000000,1.000000,0.896104,0.604431,0.093506,"{""official_metric"": 77}","{""multiple_choice_accuracy"": 77}","{""both_correct"": 6, ""both_incorrect"": 63, ""judge_only_correct"": 6, ""standard_only_correct"": 2}"
1,natural_photo,natural_photo,okvqa,81,81,81,0.558025,0.654321,1.000000,0.000000,1.000000,0.888889,0.802665,0.138272,"{""official_metric"": 81}","{""vqa_soft_accuracy"": 81}","{""both_correct"": 48, ""both_incorrect"": 24, ""judge_only_correct"": 7, ""standard_only_correct"": 2}"
1,natural_photo,natural_photo,pathvqa,9,9,9,0.333333,0.444444,1.000000,0.000000,1.000000,0.888889,0.790569,0.111111,"{""official_metric"": 9}","{""normalized_accuracy"": 9}","{""both_correct"": 3, ""both_incorrect"": 5, ""judge_only_correct"": 1}"
1,natural_photo,natural_photo,slake,76,76,76,0.447368,0.447368,1.000000,0.000000,1.000000,1.000000,1.000000,0.000000,"{""official_metric"": 76}","{""normalized_accuracy"": 76}","{""both_correct"": 34, ""both_incorrect"": 42}"
1,natural_photo,natural_photo,tallyqa,103,103,103,0.611650,0.611650,1.000000,0.000000,1.000000,1.000000,1.000000,0.000000,"{""official_metric"": 103}","{""count_accuracy"": 103}","{""both_correct"": 63, ""both_incorrect"": 40}"
1,natural_photo,natural_photo,textvqa,101,101,101,0.334653,0.411881,1.000000,0.000000,1.000000,0.910891,0.897744,0.077228,"{""official_metric"": 101}","{""vqa_soft_accuracy"": 101}","{""both_correct"": 34, ""both_incorrect"": 58, ""judge_only_correct"": 9}"
1,natural_photo,natural_photo,visual7w,109,109,109,0.752294,0.752294,1.000000,0.000000,1.000000,1.000000,1.000000,0.000000,"{""official_metric"": 109}","{""multiple_choice_accuracy"": 109}","{""both_correct"": 82, ""both_incorrect"": 27}"
1,natural_photo,natural_photo,vqav2,114,114,114,0.504386,0.581579,1.000000,0.000000,1.000000,0.885965,0.858938,0.114035,"{""official_metric"": 114}","{""vqa_soft_accuracy"": 114}","{""both_correct"": 56, ""both_incorrect"": 45, ""judge_only_correct"": 12, ""standard_only_correct"": 1}"
1,natural_photo,medical,ai2d,6,6,6,0.333333,0.500000,1.000000,0.000000,1.000000,0.833333,0.707107,0.166667,"{""official_metric"": 6}","{""multiple_choice_accuracy"": 6}","{""both_correct"": 2, ""both_incorrect"": 3, ""judge_only_correct"": 1}"
1,natural_photo,medical,gqa,2,2,2,0.000000,0.000000,1.000000,0.000000,1.000000,1.000000,,0.000000,"{""official_metric"": 2}","{""normalized_accuracy"": 2}","{""both_incorrect"": 2}"
1,natural_photo,medical,iconqa,1,1,1,1.000000,1.000000,1.000000,0.000000,1.000000,1.000000,,0.000000,"{""official_metric"": 1}","{""multiple_choice_accuracy"": 1}","{""both_correct"": 1}"
1,natural_photo,medical,mmmu,140,140,140,0.042857,0.106786,1.000000,0.000000,1.000000,0.885714,0.415977,0.092500,"{""official_metric"": 140}","{""multiple_choice_accuracy"": 140}","{""both_correct"": 4, ""both_incorrect"": 120, ""judge_only_correct"": 14, ""standard_only_correct"": 2}"
1,natural_photo,medical,okvqa,1,1,1,1.000000,1.000000,1.000000,0.000000,1.000000,1.000000,,0.000000,"{""official_metric"": 1}","{""vqa_soft_accuracy"": 1}","{""both_correct"": 1}"
1,natural_photo,medical,pathvqa,555,555,555,0.313514,0.339820,1.000000,0.000000,1.000000,0.962162,0.955930,0.026306,"{""official_metric"": 555}","{""normalized_accuracy"": 555}","{""both_correct"": 174, ""both_incorrect"": 360, ""judge_only_correct"": 21}"
1,natural_photo,medical,slake,138,138,138,0.253623,0.310145,1.000000,0.000000,1.000000,0.920290,0.899762,0.056522,"{""official_metric"": 138}","{""normalized_accuracy"": 138}","{""both_correct"": 35, ""both_incorrect"": 92, ""judge_only_correct"": 11}"
1,natural_photo,medical,vqarad,157,157,157,0.407643,0.428662,1.000000,0.000000,1.000000,0.974522,0.962864,0.021019,"{""official_metric"": 157}","{""normalized_accuracy"": 157}","{""both_correct"": 64, ""both_incorrect"": 89, ""judge_only_correct"": 4}"
1,natural_photo,document,ai2d,3,3,3,0.000000,0.000000,1.000000,0.000000,1.000000,1.000000,,0.000000,"{""official_metric"": 3}","{""multiple_choice_accuracy"": 3}","{""both_incorrect"": 3}"
1,natural_photo,document,aokvqa,12,12,12,0.333333,0.416667,1.000000,0.000000,1.000000,0.916667,0.836660,0.083333,"{""official_metric"": 12}","{""multiple_choice_accuracy"": 12}","{""both_correct"": 4, ""both_incorrect"": 7, ""judge_only_correct"": 1}"
1,natural_photo,document,docvqa,529,529,529,0.189635,0.117391,1.000000,0.000000,1.000000,0.797732,0.552927,0.142510,"{""official_metric"": 529}","{""anls"": 529}","{""both_correct"": 49, ""both_incorrect"": 373, ""judge_only_correct"": 21, ""standard_only_correct"": 86}"
1,natural_photo,document,iconqa,83,83,83,0.048193,0.060241,1.000000,0.000000,1.000000,0.987952,0.888748,0.012048,"{""official_metric"": 83}","{""multiple_choice_accuracy"": 83}","{""both_correct"": 4, ""both_incorrect"": 78, ""judge_only_correct"": 1}"
1,natural_photo,document,infographicvqa,28,28,28,0.142857,0.160714,1.000000,0.000000,1.000000,0.857143,0.733447,0.089286,"{""official_metric"": 28}","{""anls"": 28}","{""both_correct"": 3, ""both_incorrect"": 21, ""judge_only_correct"": 2, ""standard_only_correct"": 2}"
1,natural_photo,document,mmmu,155,155,155,0.032258,0.080645,1.000000,0.000000,1.000000,0.922581,0.518577,0.061290,"{""official_metric"": 155}","{""multiple_choice_accuracy"": 155}","{""both_correct"": 4, ""both_incorrect"": 139, ""judge_only_correct"": 11, ""standard_only_correct"": 1}"
1,natural_photo,document,okvqa,4,4,4,0.250000,0.250000,1.000000,0.000000,1.000000,1.000000,1.000000,0.000000,"{""official_metric"": 4}","{""vqa_soft_accuracy"": 4}","{""both_correct"": 1, ""both_incorrect"": 3}"
1,natural_photo,document,pathvqa,2,2,2,0.000000,0.000000,1.000000,0.000000,1.000000,1.000000,,0.000000,"{""official_metric"": 2}","{""normalized_accuracy"": 2}","{""both_incorrect"": 2}"
1,natural_photo,document,slake,2,2,2,0.000000,0.000000,1.000000,0.000000,1.000000,1.000000,,0.000000,"{""official_metric"": 2}","{""normalized_accuracy"": 2}","{""both_incorrect"": 2}"
1,natural_photo,document,tallyqa,8,8,8,0.375000,0.375000,1.000000,0.000000,1.000000,1.000000,1.000000,0.000000,"{""official_metric"": 8}","{""count_accuracy"": 8}","{""both_correct"": 3, ""both_incorrect"": 5}"
1,natural_photo,document,textvqa,122,122,122,0.341803,0.415574,1.000000,0.000000,1.000000,0.885246,0.887306,0.088525,"{""official_metric"": 122}","{""vqa_soft_accuracy"": 122}","{""both_correct"": 39, ""both_incorrect"": 69, ""judge_only_correct"": 14}"
1,natural_photo,document,visual7w,12,12,12,0.750000,0.750000,1.000000,0.000000,1.000000,1.000000,1.000000,0.000000,"{""official_metric"": 12}","{""multiple_choice_accuracy"": 12}","{""both_correct"": 9, ""both_incorrect"": 3}"
1,natural_photo,document,vqav2,40,40,40,0.482500,0.535000,1.000000,0.000000,1.000000,0.875000,0.860913,0.112500,"{""official_metric"": 40}","{""vqa_soft_accuracy"": 40}","{""both_correct"": 18, ""both_incorrect"": 17, ""judge_only_correct"": 3, ""standard_only_correct"": 2}"
1,natural_photo,infographic,ai2d,2,2,2,0.000000,0.400000,1.000000,0.000000,1.000000,0.500000,,0.400000,"{""official_metric"": 2}","{""multiple_choice_accuracy"": 2}","{""both_incorrect"": 1, ""judge_only_correct"": 1}"
1,natural_photo,infographic,iconqa,117,117,117,0.059829,0.076923,1.000000,0.000000,1.000000,0.982906,0.873863,0.017094,"{""official_metric"": 117}","{""multiple_choice_accuracy"": 117}","{""both_correct"": 7, ""both_incorrect"": 108, ""judge_only_correct"": 2}"
1,natural_photo,infographic,infographicvqa,831,831,831,0.198550,0.183514,1.000000,0.000000,1.000000,0.841155,0.696138,0.118428,"{""official_metric"": 831}","{""anls"": 831}","{""both_correct"": 119, ""both_incorrect"": 580, ""judge_only_correct"": 44, ""standard_only_correct"": 88}"
1,natural_photo,infographic,mmmu,15,15,15,0.000000,0.133333,1.000000,0.000000,1.000000,0.866667,,0.133333,"{""official_metric"": 15}","{""multiple_choice_accuracy"": 15}","{""both_incorrect"": 13, ""judge_only_correct"": 2}"
1,natural_photo,infographic,okvqa,2,2,2,0.000000,0.400000,1.000000,0.000000,1.000000,0.500000,,0.400000,"{""official_metric"": 2}","{""vqa_soft_accuracy"": 2}","{""both_incorrect"": 1, ""judge_only_correct"": 1}"
1,natural_photo,infographic,textvqa,23,23,23,0.217391,0.252174,1.000000,0.000000,1.000000,0.956522,0.924827,0.034783,"{""official_metric"": 23}","{""vqa_soft_accuracy"": 23}","{""both_correct"": 5, ""both_incorrect"": 17, ""judge_only_correct"": 1}"
1,natural_photo,infographic,tqa,8,8,8,0.500000,0.500000,1.000000,0.000000,1.000000,1.000000,1.000000,0.000000,"{""official_metric"": 8}","{""chartqa_relaxed_accuracy"": 8}","{""both_correct"": 4, ""both_incorrect"": 4}"
1,natural_photo,infographic,visual7w,1,1,1,0.000000,0.000000,1.000000,0.000000,1.000000,1.000000,,0.000000,"{""official_metric"": 1}","{""multiple_choice_accuracy"": 1}","{""both_incorrect"": 1}"
1,natural_photo,infographic,vqav2,1,1,1,0.000000,0.000000,1.000000,0.000000,1.000000,1.000000,,0.000000,"{""official_metric"": 1}","{""vqa_soft_accuracy"": 1}","{""both_incorrect"": 1}"
1,natural_photo,diagram,ai2d,203,203,203,0.211823,0.281773,1.000000,0.000000,1.000000,0.891626,0.757856,0.099507,"{""official_metric"": 203}","{""multiple_choice_accuracy"": 203}","{""both_correct"": 40, ""both_incorrect"": 141, ""judge_only_correct"": 19, ""standard_only_correct"": 3}"
1,natural_photo,diagram,geometry3k,192,192,192,0.036458,0.041667,1.000000,0.000000,1.000000,0.994792,0.932883,0.005208,"{""official_metric"": 192}","{""normalized_accuracy"": 192}","{""both_correct"": 7, ""both_incorrect"": 184, ""judge_only_correct"": 1}"
1,natural_photo,diagram,iconqa,226,226,226,0.358407,0.376106,1.000000,0.000000,1.000000,0.982301,0.962628,0.017699,"{""official_metric"": 226}","{""multiple_choice_accuracy"": 226}","{""both_correct"": 81, ""both_incorrect"": 141, ""judge_only_correct"": 4}"
1,natural_photo,diagram,mmmu,208,208,208,0.052885,0.093269,1.000000,0.000000,1.000000,0.918269,0.447443,0.078846,"{""official_metric"": 208}","{""multiple_choice_accuracy"": 208}","{""both_correct"": 7, ""both_incorrect"": 184, ""judge_only_correct"": 13, ""standard_only_correct"": 4}"
1,natural_photo,diagram,pathvqa,166,166,166,0.246988,0.298193,1.000000,0.000000,1.000000,0.933735,0.898895,0.051205,"{""official_metric"": 166}","{""normalized_accuracy"": 166}","{""both_correct"": 41, ""both_incorrect"": 114, ""judge_only_correct"": 11}"
1,natural_photo,diagram,textvqa,5,5,5,0.400000,0.400000,1.000000,0.000000,1.000000,1.000000,1.000000,0.000000,"{""official_metric"": 5}","{""vqa_soft_accuracy"": 5}","{""both_correct"": 2, ""both_incorrect"": 3}"
1,natural_photo,chart,chartqa,116,116,116,0.146552,0.084483,1.000000,0.000000,1.000000,0.922414,0.668941,0.075862,"{""official_metric"": 116}","{""chartqa_relaxed_accuracy"": 116}","{""both_correct"": 9, ""both_incorrect"": 98, ""judge_only_correct"": 1, ""standard_only_correct"": 8}"
1,natural_photo,chart,chartqa_eval,114,114,114,0.131579,0.105263,1.000000,0.000000,1.000000,0.938596,0.712061,0.061404,"{""official_metric"": 114}","{""chartqa_relaxed_accuracy"": 114}","{""both_correct"": 10, ""both_incorrect"": 97, ""judge_only_correct"": 2, ""standard_only_correct"": 5}"
1,natural_photo,chart,docvqa,27,27,27,0.083333,0.140741,1.000000,0.000000,1.000000,0.851852,0.696628,0.094444,"{""official_metric"": 27}","{""anls"": 27}","{""both_correct"": 2, ""both_incorrect"": 21, ""judge_only_correct"": 3, ""standard_only_correct"": 1}"
1,natural_photo,chart,dvqa,426,426,426,0.147887,0.153756,1.000000,0.000000,1.000000,0.992958,0.979559,0.005869,"{""official_metric"": 426}","{""normalized_accuracy"": 426}","{""both_correct"": 63, ""both_incorrect"": 360, ""judge_only_correct"": 3}"
1,natural_photo,chart,iconqa,4,4,4,0.000000,0.000000,1.000000,0.000000,1.000000,1.000000,,0.000000,"{""official_metric"": 4}","{""multiple_choice_accuracy"": 4}","{""both_incorrect"": 4}"
1,natural_photo,chart,infographicvqa,100,100,100,0.183352,0.146000,1.000000,0.000000,1.000000,0.830000,0.698786,0.110426,"{""official_metric"": 100}","{""anls"": 100}","{""both_correct"": 12, ""both_incorrect"": 71, ""judge_only_correct"": 3, ""standard_only_correct"": 14}"
1,natural_photo,chart,mmmu,101,101,101,0.049505,0.116832,1.000000,0.000000,1.000000,0.891089,0.345944,0.106931,"{""official_metric"": 101}","{""multiple_choice_accuracy"": 101}","{""both_correct"": 3, ""both_incorrect"": 87, ""judge_only_correct"": 9, ""standard_only_correct"": 2}"
1,natural_photo,chart,pathvqa,1,1,1,1.000000,1.000000,1.000000,0.000000,1.000000,1.000000,,0.000000,"{""official_metric"": 1}","{""normalized_accuracy"": 1}","{""both_correct"": 1}"
1,natural_photo,chart,textvqa,1,1,1,1.000000,1.000000,1.000000,0.000000,1.000000,1.000000,,0.000000,"{""official_metric"": 1}","{""vqa_soft_accuracy"": 1}","{""both_correct"": 1}"
1,natural_photo,chart,tqa,110,110,110,0.172727,0.156364,1.000000,0.000000,1.000000,0.918182,0.706315,0.085455,"{""official_metric"": 110}","{""chartqa_relaxed_accuracy"": 110}","{""both_correct"": 14, ""both_incorrect"": 87, ""judge_only_correct"": 4, ""standard_only_correct"": 5}"
2,medical,natural_photo,ai2d,20,20,20,0.150000,0.265000,1.000000,0.000000,1.000000,0.750000,0.404189,0.215000,"{""official_metric"": 20}","{""multiple_choice_accuracy"": 20}","{""both_correct"": 2, ""both_incorrect"": 13, ""judge_only_correct"": 4, ""standard_only_correct"": 1}"
2,medical,natural_photo,aokvqa,100,100,100,0.140000,0.419000,1.000000,0.000000,1.000000,0.700000,0.490785,0.279000,"{""official_metric"": 100}","{""multiple_choice_accuracy"": 100}","{""both_correct"": 14, ""both_incorrect"": 56, ""judge_only_correct"": 30}"
2,medical,natural_photo,gqa,119,119,119,0.361345,0.435294,1.000000,0.000000,1.000000,0.915966,0.866568,0.073950,"{""official_metric"": 119}","{""normalized_accuracy"": 119}","{""both_correct"": 43, ""both_incorrect"": 66, ""judge_only_correct"": 10}"
2,medical,natural_photo,iconqa,83,83,83,0.180723,0.232530,1.000000,0.000000,1.000000,0.927711,0.881379,0.051807,"{""official_metric"": 83}","{""multiple_choice_accuracy"": 83}","{""both_correct"": 15, ""both_incorrect"": 62, ""judge_only_correct"": 6}"
2,medical,natural_photo,infographicvqa,8,8,8,0.562500,0.500000,1.000000,0.000000,1.000000,0.875000,0.943880,0.062500,"{""official_metric"": 8}","{""anls"": 8}","{""both_correct"": 4, ""both_incorrect"": 3, ""standard_only_correct"": 1}"
2,medical,natural_photo,mmmu,77,77,77,0.038961,0.054545,1.000000,0.000000,1.000000,0.896104,-0.052804,0.093506,"{""official_metric"": 77}","{""multiple_choice_accuracy"": 77}","{""both_incorrect"": 69, ""judge_only_correct"": 5, ""standard_only_correct"": 3}"
2,medical,natural_photo,okvqa,81,81,81,0.516049,0.665432,1.000000,0.000000,1.000000,0.790123,0.656510,0.218519,"{""official_metric"": 81}","{""vqa_soft_accuracy"": 81}","{""both_correct"": 43, ""both_incorrect"": 21, ""judge_only_correct"": 13, ""standard_only_correct"": 4}"
2,medical,natural_photo,pathvqa,9,9,9,0.444444,0.555556,1.000000,0.000000,1.000000,0.888889,0.800000,0.111111,"{""official_metric"": 9}","{""normalized_accuracy"": 9}","{""both_correct"": 4, ""both_incorrect"": 4, ""judge_only_correct"": 1}"
2,medical,natural_photo,slake,76,76,76,0.578947,0.600000,1.000000,0.000000,1.000000,0.973684,0.965938,0.021053,"{""official_metric"": 76}","{""normalized_accuracy"": 76}","{""both_correct"": 44, ""both_incorrect"": 30, ""judge_only_correct"": 2}"
2,medical,natural_photo,tallyqa,103,103,103,0.601942,0.601942,1.000000,0.000000,1.000000,1.000000,1.000000,0.000000,"{""official_metric"": 103}","{""count_accuracy"": 103}","{""both_correct"": 62, ""both_incorrect"": 41}"
2,medical,natural_photo,textvqa,101,101,101,0.319802,0.418812,1.000000,0.000000,1.000000,0.881188,0.846738,0.099010,"{""official_metric"": 101}","{""vqa_soft_accuracy"": 101}","{""both_correct"": 32, ""both_incorrect"": 57, ""judge_only_correct"": 12}"
2,medical,natural_photo,visual7w,109,109,109,0.779817,0.777982,1.000000,0.000000,1.000000,0.981651,0.956140,0.016514,"{""official_metric"": 109}","{""multiple_choice_accuracy"": 109}","{""both_correct"": 84, ""both_incorrect"": 23, ""judge_only_correct"": 1, ""standard_only_correct"": 1}"
2,medical,natural_photo,vqav2,114,114,114,0.432456,0.514912,1.000000,0.000000,1.000000,0.850877,0.822286,0.128070,"{""official_metric"": 114}","{""vqa_soft_accuracy"": 114}","{""both_correct"": 46, ""both_incorrect"": 51, ""judge_only_correct"": 15, ""standard_only_correct"": 2}"
2,medical,medical,ai2d,6,6,6,0.333333,0.333333,1.000000,0.000000,1.000000,1.000000,1.000000,0.000000,"{""official_metric"": 6}","{""multiple_choice_accuracy"": 6}","{""both_correct"": 2, ""both_incorrect"": 4}"
2,medical,medical,gqa,2,2,2,0.500000,0.500000,1.000000,0.000000,1.000000,1.000000,1.000000,0.000000,"{""official_metric"": 2}","{""normalized_accuracy"": 2}","{""both_correct"": 1, ""both_incorrect"": 1}"
2,medical,medical,iconqa,1,1,1,0.000000,1.000000,1.000000,0.000000,1.000000,0.000000,,1.000000,"{""official_metric"": 1}","{""multiple_choice_accuracy"": 1}","{""judge_only_correct"": 1}"
2,medical,medical,mmmu,140,140,140,0.078571,0.120357,1.000000,0.000000,1.000000,0.907143,0.562565,0.084643,"{""official_metric"": 140}","{""multiple_choice_accuracy"": 140}","{""both_correct"": 8, ""both_incorrect"": 119, ""judge_only_correct"": 10, ""standard_only_correct"": 3}"
2,medical,medical,okvqa,1,1,1,0.000000,0.000000,1.000000,0.000000,1.000000,1.000000,,0.000000,"{""official_metric"": 1}","{""vqa_soft_accuracy"": 1}","{""both_incorrect"": 1}"
2,medical,medical,pathvqa,555,555,555,0.517117,0.550450,1.000000,0.000000,1.000000,0.954955,0.948588,0.033333,"{""official_metric"": 555}","{""normalized_accuracy"": 555}","{""both_correct"": 287, ""both_incorrect"": 243, ""judge_only_correct"": 25}"
2,medical,medical,slake,138,138,138,0.413043,0.452899,1.000000,0.000000,1.000000,0.949275,0.936485,0.039855,"{""official_metric"": 138}","{""normalized_accuracy"": 138}","{""both_correct"": 57, ""both_incorrect"": 74, ""judge_only_correct"": 7}"
2,medical,medical,vqarad,157,157,157,0.401274,0.429299,1.000000,0.000000,1.000000,0.961783,0.956169,0.028025,"{""official_metric"": 157}","{""normalized_accuracy"": 157}","{""both_correct"": 63, ""both_incorrect"": 88, ""judge_only_correct"": 6}"
2,medical,document,ai2d,3,3,3,0.333333,0.000000,1.000000,0.000000,1.000000,0.666667,,0.333333,"{""official_metric"": 3}","{""multiple_choice_accuracy"": 3}","{""both_incorrect"": 2, ""standard_only_correct"": 1}"
2,medical,document,aokvqa,12,12,12,0.250000,0.500000,1.000000,0.000000,1.000000,0.750000,0.577350,0.250000,"{""official_metric"": 12}","{""multiple_choice_accuracy"": 12}","{""both_correct"": 3, ""both_incorrect"": 6, ""judge_only_correct"": 3}"
2,medical,document,docvqa,529,529,529,0.158227,0.080907,1.000000,0.000000,1.000000,0.822306,0.480444,0.132156,"{""official_metric"": 529}","{""anls"": 529}","{""both_correct"": 34, ""both_incorrect"": 401, ""judge_only_correct"": 12, ""standard_only_correct"": 82}"
2,medical,document,iconqa,83,83,83,0.144578,0.086747,1.000000,0.000000,1.000000,0.867470,0.365203,0.134940,"{""official_metric"": 83}","{""multiple_choice_accuracy"": 83}","{""both_correct"": 4, ""both_incorrect"": 68, ""judge_only_correct"": 3, ""standard_only_correct"": 8}"
2,medical,document,infographicvqa,28,28,28,0.133117,0.135714,1.000000,0.000000,1.000000,0.821429,0.531157,0.125974,"{""official_metric"": 28}","{""anls"": 28}","{""both_correct"": 2, ""both_incorrect"": 21, ""judge_only_correct"": 2, ""standard_only_correct"": 3}"
2,medical,document,mmmu,155,155,155,0.045161,0.072258,1.000000,0.000000,1.000000,0.929032,0.432827,0.065806,"{""official_metric"": 155}","{""multiple_choice_accuracy"": 155}","{""both_correct"": 4, ""both_incorrect"": 140, ""judge_only_correct"": 8, ""standard_only_correct"": 3}"
2,medical,document,okvqa,4,4,4,0.500000,0.500000,1.000000,0.000000,1.000000,1.000000,1.000000,0.000000,"{""official_metric"": 4}","{""vqa_soft_accuracy"": 4}","{""both_correct"": 2, ""both_incorrect"": 2}"
2,medical,document,pathvqa,2,2,2,0.000000,0.000000,1.000000,0.000000,1.000000,1.000000,,0.000000,"{""official_metric"": 2}","{""normalized_accuracy"": 2}","{""both_incorrect"": 2}"
2,medical,document,slake,2,2,2,0.000000,0.400000,1.000000,0.000000,1.000000,0.500000,,0.400000,"{""official_metric"": 2}","{""normalized_accuracy"": 2}","{""both_incorrect"": 1, ""judge_only_correct"": 1}"
2,medical,document,tallyqa,8,8,8,0.125000,0.125000,1.000000,0.000000,1.000000,1.000000,1.000000,0.000000,"{""official_metric"": 8}","{""count_accuracy"": 8}","{""both_correct"": 1, ""both_incorrect"": 7}"
2,medical,document,textvqa,122,122,122,0.259836,0.318033,1.000000,0.000000,1.000000,0.901639,0.855548,0.077869,"{""official_metric"": 122}","{""vqa_soft_accuracy"": 122}","{""both_correct"": 29, ""both_incorrect"": 81, ""judge_only_correct"": 11, ""standard_only_correct"": 1}"
2,medical,document,visual7w,12,12,12,0.666667,0.666667,1.000000,0.000000,1.000000,1.000000,1.000000,0.000000,"{""official_metric"": 12}","{""multiple_choice_accuracy"": 12}","{""both_correct"": 8, ""both_incorrect"": 4}"
2,medical,document,vqav2,40,40,40,0.372500,0.365000,1.000000,0.000000,1.000000,0.850000,0.735154,0.137500,"{""official_metric"": 40}","{""vqa_soft_accuracy"": 40}","{""both_correct"": 12, ""both_incorrect"": 22, ""judge_only_correct"": 3, ""standard_only_correct"": 3}"
2,medical,infographic,ai2d,2,2,2,0.000000,0.000000,1.000000,0.000000,1.000000,1.000000,,0.000000,"{""official_metric"": 2}","{""multiple_choice_accuracy"": 2}","{""both_incorrect"": 2}"
2,medical,infographic,iconqa,117,117,117,0.076923,0.094017,1.000000,0.000000,1.000000,0.948718,0.676317,0.051282,"{""official_metric"": 117}","{""multiple_choice_accuracy"": 117}","{""both_correct"": 7, ""both_incorrect"": 104, ""judge_only_correct"": 4, ""standard_only_correct"": 2}"
2,medical,infographic,infographicvqa,831,831,831,0.205635,0.153791,1.000000,0.000000,1.000000,0.812274,0.645747,0.132476,"{""official_metric"": 831}","{""anls"": 831}","{""both_correct"": 101, ""both_incorrect"": 574, ""judge_only_correct"": 34, ""standard_only_correct"": 122}"
2,medical,infographic,mmmu,15,15,15,0.133333,0.200000,1.000000,0.000000,1.000000,0.933333,0.784465,0.066667,"{""official_metric"": 15}","{""multiple_choice_accuracy"": 15}","{""both_correct"": 2, ""both_incorrect"": 12, ""judge_only_correct"": 1}"
2,medical,infographic,okvqa,2,2,2,0.000000,0.000000,1.000000,0.000000,1.000000,1.000000,,0.000000,"{""official_metric"": 2}","{""vqa_soft_accuracy"": 2}","{""both_incorrect"": 2}"
2,medical,infographic,textvqa,23,23,23,0.304348,0.339130,1.000000,0.000000,1.000000,0.956522,0.938016,0.034783,"{""official_metric"": 23}","{""vqa_soft_accuracy"": 23}","{""both_correct"": 7, ""both_incorrect"": 15, ""judge_only_correct"": 1}"
2,medical,infographic,tqa,8,8,8,0.125000,0.125000,1.000000,0.000000,1.000000,1.000000,1.000000,0.000000,"{""official_metric"": 8}","{""chartqa_relaxed_accuracy"": 8}","{""both_correct"": 1, ""both_incorrect"": 7}"
2,medical,infographic,visual7w,1,1,1,0.000000,0.000000,1.000000,0.000000,1.000000,1.000000,,0.000000,"{""official_metric"": 1}","{""multiple_choice_accuracy"": 1}","{""both_incorrect"": 1}"
2,medical,infographic,vqav2,1,1,1,0.300000,1.000000,1.000000,0.000000,1.000000,0.000000,,0.700000,"{""official_metric"": 1}","{""vqa_soft_accuracy"": 1}","{""judge_only_correct"": 1}"
2,medical,diagram,ai2d,203,203,203,0.128079,0.181281,1.000000,0.000000,1.000000,0.921182,0.750020,0.072906,"{""official_metric"": 203}","{""multiple_choice_accuracy"": 203}","{""both_correct"": 24, ""both_incorrect"": 163, ""judge_only_correct"": 14, ""standard_only_correct"": 2}"
2,medical,diagram,geometry3k,192,192,192,0.015625,0.020833,1.000000,0.000000,1.000000,0.994792,0.863731,0.005208,"{""official_metric"": 192}","{""normalized_accuracy"": 192}","{""both_correct"": 3, ""both_incorrect"": 188, ""judge_only_correct"": 1}"
2,medical,diagram,iconqa,226,226,226,0.115044,0.149558,1.000000,0.000000,1.000000,0.893805,0.550246,0.105310,"{""official_metric"": 226}","{""multiple_choice_accuracy"": 226}","{""both_correct"": 18, ""both_incorrect"": 184, ""judge_only_correct"": 16, ""standard_only_correct"": 8}"
2,medical,diagram,mmmu,208,208,208,0.076923,0.094231,1.000000,0.000000,1.000000,0.961538,0.778532,0.036538,"{""official_metric"": 208}","{""multiple_choice_accuracy"": 208}","{""both_correct"": 14, ""both_incorrect"": 186, ""judge_only_correct"": 6, ""standard_only_correct"": 2}"
2,medical,diagram,pathvqa,166,166,166,0.277108,0.336145,1.000000,0.000000,1.000000,0.927711,0.889759,0.059036,"{""official_metric"": 166}","{""normalized_accuracy"": 166}","{""both_correct"": 46, ""both_incorrect"": 108, ""judge_only_correct"": 12}"
2,medical,diagram,textvqa,5,5,5,0.200000,0.600000,1.000000,0.000000,1.000000,0.600000,0.408248,0.400000,"{""official_metric"": 5}","{""vqa_soft_accuracy"": 5}","{""both_correct"": 1, ""both_incorrect"": 2, ""judge_only_correct"": 2}"
2,medical,chart,chartqa,116,116,116,0.086207,0.082759,1.000000,0.000000,1.000000,0.931034,0.587395,0.065517,"{""official_metric"": 116}","{""chartqa_relaxed_accuracy"": 116}","{""both_correct"": 6, ""both_incorrect"": 102, ""judge_only_correct"": 4, ""standard_only_correct"": 4}"
2,medical,chart,chartqa_eval,114,114,114,0.096491,0.078947,1.000000,0.000000,1.000000,0.921053,0.589306,0.070175,"{""official_metric"": 114}","{""chartqa_relaxed_accuracy"": 114}","{""both_correct"": 6, ""both_incorrect"": 99, ""judge_only_correct"": 4, ""standard_only_correct"": 5}"
2,medical,chart,docvqa,27,27,27,0.191358,0.103704,1.000000,0.000000,1.000000,0.740741,0.580705,0.146914,"{""official_metric"": 27}","{""anls"": 27}","{""both_correct"": 2, ""both_incorrect"": 18, ""judge_only_correct"": 1, ""standard_only_correct"": 6}"
2,medical,chart,dvqa,426,426,426,0.133803,0.151174,1.000000,0.000000,1.000000,0.981221,0.935429,0.017371,"{""official_metric"": 426}","{""normalized_accuracy"": 426}","{""both_correct"": 57, ""both_incorrect"": 361, ""judge_only_correct"": 8}"
2,medical,chart,iconqa,4,4,4,0.000000,0.000000,1.000000,0.000000,1.000000,1.000000,,0.000000,"{""official_metric"": 4}","{""multiple_choice_accuracy"": 4}","{""both_incorrect"": 4}"
2,medical,chart,infographicvqa,100,100,100,0.166320,0.150000,1.000000,0.000000,1.000000,0.880000,0.763181,0.081775,"{""official_metric"": 100}","{""anls"": 100}","{""both_correct"": 12, ""both_incorrect"": 76, ""judge_only_correct"": 3, ""standard_only_correct"": 9}"
2,medical,chart,mmmu,101,101,101,0.049505,0.077228,1.000000,0.000000,1.000000,0.950495,0.624883,0.047525,"{""official_metric"": 101}","{""multiple_choice_accuracy"": 101}","{""both_correct"": 4, ""both_incorrect"": 92, ""judge_only_correct"": 4, ""standard_only_correct"": 1}"
2,medical,chart,pathvqa,1,1,1,0.000000,0.000000,1.000000,0.000000,1.000000,1.000000,,0.000000,"{""official_metric"": 1}","{""normalized_accuracy"": 1}","{""both_incorrect"": 1}"
2,medical,chart,textvqa,1,1,1,1.000000,1.000000,1.000000,0.000000,1.000000,1.000000,,0.000000,"{""official_metric"": 1}","{""vqa_soft_accuracy"": 1}","{""both_correct"": 1}"
2,medical,chart,tqa,110,110,110,0.109091,0.147273,1.000000,0.000000,1.000000,0.900000,0.609443,0.092727,"{""official_metric"": 110}","{""chartqa_relaxed_accuracy"": 110}","{""both_correct"": 9, ""both_incorrect"": 90, ""judge_only_correct"": 8, ""standard_only_correct"": 3}"
3,document,natural_photo,ai2d,20,20,20,0.200000,0.380000,1.000000,0.000000,1.000000,0.800000,0.661524,0.180000,"{""official_metric"": 20}","{""multiple_choice_accuracy"": 20}","{""both_correct"": 4, ""both_incorrect"": 12, ""judge_only_correct"": 4}"
3,document,natural_photo,aokvqa,100,100,100,0.200000,0.445000,1.000000,0.000000,1.000000,0.740000,0.570651,0.245000,"{""official_metric"": 100}","{""multiple_choice_accuracy"": 100}","{""both_correct"": 20, ""both_incorrect"": 54, ""judge_only_correct"": 26}"
3,document,natural_photo,gqa,119,119,119,0.394958,0.439496,1.000000,0.000000,1.000000,0.949580,0.918868,0.044538,"{""official_metric"": 119}","{""normalized_accuracy"": 119}","{""both_correct"": 47, ""both_incorrect"": 66, ""judge_only_correct"": 6}"
3,document,natural_photo,iconqa,83,83,83,0.144578,0.196386,1.000000,0.000000,1.000000,0.927711,0.862824,0.051807,"{""official_metric"": 83}","{""multiple_choice_accuracy"": 83}","{""both_correct"": 12, ""both_incorrect"": 65, ""judge_only_correct"": 6}"
3,document,natural_photo,infographicvqa,8,8,8,0.696858,0.500000,1.000000,0.000000,1.000000,0.625000,0.882992,0.196858,"{""official_metric"": 8}","{""anls"": 8}","{""both_correct"": 4, ""both_incorrect"": 1, ""standard_only_correct"": 3}"
3,document,natural_photo,mmmu,77,77,77,0.064935,0.114286,1.000000,0.000000,1.000000,0.883117,0.429634,0.101299,"{""official_metric"": 77}","{""multiple_choice_accuracy"": 77}","{""both_correct"": 3, ""both_incorrect"": 65, ""judge_only_correct"": 7, ""standard_only_correct"": 2}"
3,document,natural_photo,okvqa,81,81,81,0.570370,0.665432,1.000000,0.000000,1.000000,0.864198,0.765418,0.151852,"{""official_metric"": 81}","{""vqa_soft_accuracy"": 81}","{""both_correct"": 48, ""both_incorrect"": 22, ""judge_only_correct"": 8, ""standard_only_correct"": 3}"
3,document,natural_photo,pathvqa,9,9,9,0.333333,0.444444,1.000000,0.000000,1.000000,0.888889,0.790569,0.111111,"{""official_metric"": 9}","{""normalized_accuracy"": 9}","{""both_correct"": 3, ""both_incorrect"": 5, ""judge_only_correct"": 1}"
3,document,natural_photo,slake,76,76,76,0.421053,0.421053,1.000000,0.000000,1.000000,1.000000,1.000000,0.000000,"{""official_metric"": 76}","{""normalized_accuracy"": 76}","{""both_correct"": 32, ""both_incorrect"": 44}"
3,document,natural_photo,tallyqa,103,103,103,0.524272,0.524272,1.000000,0.000000,1.000000,1.000000,1.000000,0.000000,"{""official_metric"": 103}","{""count_accuracy"": 103}","{""both_correct"": 54, ""both_incorrect"": 49}"
3,document,natural_photo,textvqa,101,101,101,0.391089,0.455446,1.000000,0.000000,1.000000,0.930693,0.917848,0.064356,"{""official_metric"": 101}","{""vqa_soft_accuracy"": 101}","{""both_correct"": 40, ""both_incorrect"": 54, ""judge_only_correct"": 7}"
3,document,natural_photo,visual7w,109,109,109,0.733945,0.741284,1.000000,0.000000,1.000000,0.990826,0.984993,0.007339,"{""official_metric"": 109}","{""multiple_choice_accuracy"": 109}","{""both_correct"": 80, ""both_incorrect"": 28, ""judge_only_correct"": 1}"
3,document,natural_photo,vqav2,114,114,114,0.489474,0.588596,1.000000,0.000000,1.000000,0.877193,0.848379,0.120175,"{""official_metric"": 114}","{""vqa_soft_accuracy"": 114}","{""both_correct"": 55, ""both_incorrect"": 45, ""judge_only_correct"": 14}"
3,document,medical,ai2d,6,6,6,0.333333,0.333333,1.000000,0.000000,1.000000,1.000000,1.000000,0.000000,"{""official_metric"": 6}","{""multiple_choice_accuracy"": 6}","{""both_correct"": 2, ""both_incorrect"": 4}"
3,document,medical,gqa,2,2,2,0.000000,0.000000,1.000000,0.000000,1.000000,1.000000,,0.000000,"{""official_metric"": 2}","{""normalized_accuracy"": 2}","{""both_incorrect"": 2}"
3,document,medical,iconqa,1,1,1,0.000000,0.000000,1.000000,0.000000,1.000000,1.000000,,0.000000,"{""official_metric"": 1}","{""multiple_choice_accuracy"": 1}","{""both_incorrect"": 1}"
3,document,medical,mmmu,140,140,140,0.057143,0.109643,1.000000,0.000000,1.000000,0.892857,0.424774,0.095357,"{""official_metric"": 140}","{""multiple_choice_accuracy"": 140}","{""both_correct"": 5, ""both_incorrect"": 120, ""judge_only_correct"": 12, ""standard_only_correct"": 3}"
3,document,medical,okvqa,1,1,1,1.000000,1.000000,1.000000,0.000000,1.000000,1.000000,,0.000000,"{""official_metric"": 1}","{""vqa_soft_accuracy"": 1}","{""both_correct"": 1}"
3,document,medical,pathvqa,555,555,555,0.551351,0.580901,1.000000,0.000000,1.000000,0.962162,0.951443,0.029550,"{""official_metric"": 555}","{""normalized_accuracy"": 555}","{""both_correct"": 306, ""both_incorrect"": 228, ""judge_only_correct"": 21}"
3,document,medical,slake,138,138,138,0.442029,0.499275,1.000000,0.000000,1.000000,0.927536,0.911799,0.057246,"{""official_metric"": 138}","{""normalized_accuracy"": 138}","{""both_correct"": 61, ""both_incorrect"": 67, ""judge_only_correct"": 10}"
3,document,medical,vqarad,157,157,157,0.477707,0.508917,1.000000,0.000000,1.000000,0.961783,0.948321,0.031210,"{""official_metric"": 157}","{""normalized_accuracy"": 157}","{""both_correct"": 75, ""both_incorrect"": 76, ""judge_only_correct"": 6}"
3,document,document,ai2d,3,3,3,0.000000,0.000000,1.000000,0.000000,1.000000,1.000000,,0.000000,"{""official_metric"": 3}","{""multiple_choice_accuracy"": 3}","{""both_incorrect"": 3}"
3,document,document,aokvqa,12,12,12,0.333333,0.416667,1.000000,0.000000,1.000000,0.916667,0.836660,0.083333,"{""official_metric"": 12}","{""multiple_choice_accuracy"": 12}","{""both_correct"": 4, ""both_incorrect"": 7, ""judge_only_correct"": 1}"
3,document,document,docvqa,529,529,529,0.386776,0.226654,1.000000,0.000000,1.000000,0.705104,0.630210,0.215854,"{""official_metric"": 529}","{""anls"": 529}","{""both_correct"": 112, ""both_incorrect"": 261, ""judge_only_correct"": 12, ""standard_only_correct"": 144}"
3,document,document,iconqa,83,83,83,0.048193,0.048193,1.000000,0.000000,1.000000,1.000000,1.000000,0.000000,"{""official_metric"": 83}","{""multiple_choice_accuracy"": 83}","{""both_correct"": 4, ""both_incorrect"": 79}"
3,document,document,infographicvqa,28,28,28,0.135714,0.214286,1.000000,0.000000,1.000000,0.821429,0.602360,0.135714,"{""official_metric"": 28}","{""anls"": 28}","{""both_correct"": 3, ""both_incorrect"": 20, ""judge_only_correct"": 4, ""standard_only_correct"": 1}"
3,document,document,mmmu,155,155,155,0.038710,0.075484,1.000000,0.000000,1.000000,0.954839,0.733090,0.036774,"{""official_metric"": 155}","{""multiple_choice_accuracy"": 155}","{""both_correct"": 6, ""both_incorrect"": 142, ""judge_only_correct"": 7}"
3,document,document,okvqa,4,4,4,0.500000,0.500000,1.000000,0.000000,1.000000,1.000000,1.000000,0.000000,"{""official_metric"": 4}","{""vqa_soft_accuracy"": 4}","{""both_correct"": 2, ""both_incorrect"": 2}"
3,document,document,pathvqa,2,2,2,0.000000,0.000000,1.000000,0.000000,1.000000,1.000000,,0.000000,"{""official_metric"": 2}","{""normalized_accuracy"": 2}","{""both_incorrect"": 2}"
3,document,document,slake,2,2,2,0.000000,0.000000,1.000000,0.000000,1.000000,1.000000,,0.000000,"{""official_metric"": 2}","{""normalized_accuracy"": 2}","{""both_incorrect"": 2}"
3,document,document,tallyqa,8,8,8,0.125000,0.125000,1.000000,0.000000,1.000000,1.000000,1.000000,0.000000,"{""official_metric"": 8}","{""count_accuracy"": 8}","{""both_correct"": 1, ""both_incorrect"": 7}"
3,document,document,textvqa,122,122,122,0.315574,0.400000,1.000000,0.000000,1.000000,0.885246,0.856556,0.094262,"{""official_metric"": 122}","{""vqa_soft_accuracy"": 122}","{""both_correct"": 37, ""both_incorrect"": 71, ""judge_only_correct"": 14}"
3,document,document,visual7w,12,12,12,0.583333,0.583333,1.000000,0.000000,1.000000,1.000000,1.000000,0.000000,"{""official_metric"": 12}","{""multiple_choice_accuracy"": 12}","{""both_correct"": 7, ""both_incorrect"": 5}"
3,document,document,vqav2,40,40,40,0.355000,0.465000,1.000000,0.000000,1.000000,0.875000,0.833065,0.110000,"{""official_metric"": 40}","{""vqa_soft_accuracy"": 40}","{""both_correct"": 14, ""both_incorrect"": 21, ""judge_only_correct"": 5}"
3,document,infographic,ai2d,2,2,2,0.000000,0.400000,1.000000,0.000000,1.000000,0.500000,,0.400000,"{""official_metric"": 2}","{""multiple_choice_accuracy"": 2}","{""both_incorrect"": 1, ""judge_only_correct"": 1}"
3,document,infographic,iconqa,117,117,117,0.042735,0.025641,1.000000,0.000000,1.000000,0.982906,0.767772,0.017094,"{""official_metric"": 117}","{""multiple_choice_accuracy"": 117}","{""both_correct"": 3, ""both_incorrect"": 112, ""standard_only_correct"": 2}"
3,document,infographic,infographicvqa,831,831,831,0.215870,0.164862,1.000000,0.000000,1.000000,0.835138,0.698796,0.119840,"{""official_metric"": 831}","{""anls"": 831}","{""both_correct"": 117, ""both_incorrect"": 577, ""judge_only_correct"": 27, ""standard_only_correct"": 110}"
3,document,infographic,mmmu,15,15,15,0.000000,0.000000,1.000000,0.000000,1.000000,1.000000,,0.000000,"{""official_metric"": 15}","{""multiple_choice_accuracy"": 15}","{""both_incorrect"": 15}"
3,document,infographic,okvqa,2,2,2,0.300000,0.900000,1.000000,0.000000,1.000000,0.500000,-1.000000,0.600000,"{""official_metric"": 2}","{""vqa_soft_accuracy"": 2}","{""both_correct"": 1, ""judge_only_correct"": 1}"
3,document,infographic,textvqa,23,23,23,0.300000,0.347826,1.000000,0.000000,1.000000,0.956522,0.941345,0.047826,"{""official_metric"": 23}","{""vqa_soft_accuracy"": 23}","{""both_correct"": 7, ""both_incorrect"": 15, ""judge_only_correct"": 1}"
3,document,infographic,tqa,8,8,8,0.375000,0.500000,1.000000,0.000000,1.000000,0.875000,0.774597,0.125000,"{""official_metric"": 8}","{""chartqa_relaxed_accuracy"": 8}","{""both_correct"": 3, ""both_incorrect"": 4, ""judge_only_correct"": 1}"
3,document,infographic,visual7w,1,1,1,0.000000,0.000000,1.000000,0.000000,1.000000,1.000000,,0.000000,"{""official_metric"": 1}","{""multiple_choice_accuracy"": 1}","{""both_incorrect"": 1}"
3,document,infographic,vqav2,1,1,1,0.000000,0.000000,1.000000,0.000000,1.000000,1.000000,,0.000000,"{""official_metric"": 1}","{""vqa_soft_accuracy"": 1}","{""both_incorrect"": 1}"
3,document,diagram,ai2d,203,203,203,0.187192,0.237931,1.000000,0.000000,1.000000,0.911330,0.782859,0.080296,"{""official_metric"": 203}","{""multiple_choice_accuracy"": 203}","{""both_correct"": 35, ""both_incorrect"": 150, ""judge_only_correct"": 15, ""standard_only_correct"": 3}"
3,document,diagram,geometry3k,192,192,192,0.057292,0.067708,1.000000,0.000000,1.000000,0.989583,0.914770,0.010417,"{""official_metric"": 192}","{""normalized_accuracy"": 192}","{""both_correct"": 11, ""both_incorrect"": 179, ""judge_only_correct"": 2}"
3,document,diagram,iconqa,226,226,226,0.119469,0.146018,1.000000,0.000000,1.000000,0.973451,0.890793,0.026549,"{""official_metric"": 226}","{""multiple_choice_accuracy"": 226}","{""both_correct"": 27, ""both_incorrect"": 193, ""judge_only_correct"": 6}"
3,document,diagram,mmmu,208,208,208,0.091346,0.087981,1.000000,0.000000,1.000000,0.951923,0.735365,0.044712,"{""official_metric"": 208}","{""multiple_choice_accuracy"": 208}","{""both_correct"": 14, ""both_incorrect"": 184, ""judge_only_correct"": 5, ""standard_only_correct"": 5}"
3,document,diagram,pathvqa,166,166,166,0.319277,0.366867,1.000000,0.000000,1.000000,0.939759,0.914390,0.047590,"{""official_metric"": 166}","{""normalized_accuracy"": 166}","{""both_correct"": 53, ""both_incorrect"": 103, ""judge_only_correct"": 10}"
3,document,diagram,textvqa,5,5,5,0.400000,0.500000,1.000000,0.000000,1.000000,0.800000,0.912871,0.100000,"{""official_metric"": 5}","{""vqa_soft_accuracy"": 5}","{""both_correct"": 2, ""both_incorrect"": 2, ""judge_only_correct"": 1}"
3,document,chart,chartqa,116,116,116,0.112069,0.100000,1.000000,0.000000,1.000000,0.887931,0.416352,0.112069,"{""official_metric"": 116}","{""chartqa_relaxed_accuracy"": 116}","{""both_correct"": 6, ""both_incorrect"": 97, ""judge_only_correct"": 6, ""standard_only_correct"": 7}"
3,document,chart,chartqa_eval,114,114,114,0.114035,0.084211,1.000000,0.000000,1.000000,0.885965,0.395356,0.110526,"{""official_metric"": 114}","{""chartqa_relaxed_accuracy"": 114}","{""both_correct"": 5, ""both_incorrect"": 96, ""judge_only_correct"": 5, ""standard_only_correct"": 8}"
3,document,chart,docvqa,27,27,27,0.228807,0.055556,1.000000,0.000000,1.000000,0.703704,0.521291,0.173251,"{""official_metric"": 27}","{""anls"": 27}","{""both_correct"": 2, ""both_incorrect"": 17, ""standard_only_correct"": 8}"
3,document,chart,dvqa,426,426,426,0.119718,0.124413,1.000000,0.000000,1.000000,0.995305,0.978331,0.004695,"{""official_metric"": 426}","{""normalized_accuracy"": 426}","{""both_correct"": 51, ""both_incorrect"": 373, ""judge_only_correct"": 2}"
3,document,chart,iconqa,4,4,4,0.000000,0.000000,1.000000,0.000000,1.000000,1.000000,,0.000000,"{""official_metric"": 4}","{""multiple_choice_accuracy"": 4}","{""both_incorrect"": 4}"
3,document,chart,infographicvqa,100,100,100,0.178048,0.138000,1.000000,0.000000,1.000000,0.860000,0.752124,0.091667,"{""official_metric"": 100}","{""anls"": 100}","{""both_correct"": 12, ""both_incorrect"": 74, ""judge_only_correct"": 2, ""standard_only_correct"": 12}"
3,document,chart,mmmu,101,101,101,0.039604,0.087129,1.000000,0.000000,1.000000,0.910891,0.300291,0.087129,"{""official_metric"": 101}","{""multiple_choice_accuracy"": 101}","{""both_correct"": 2, ""both_incorrect"": 90, ""judge_only_correct"": 7, ""standard_only_correct"": 2}"
3,document,chart,pathvqa,1,1,1,0.000000,0.000000,1.000000,0.000000,1.000000,1.000000,,0.000000,"{""official_metric"": 1}","{""normalized_accuracy"": 1}","{""both_incorrect"": 1}"
3,document,chart,textvqa,1,1,1,1.000000,1.000000,1.000000,0.000000,1.000000,1.000000,,0.000000,"{""official_metric"": 1}","{""vqa_soft_accuracy"": 1}","{""both_correct"": 1}"
3,document,chart,tqa,110,110,110,0.145455,0.120909,1.000000,0.000000,1.000000,0.900000,0.640310,0.091818,"{""official_metric"": 110}","{""chartqa_relaxed_accuracy"": 110}","{""both_correct"": 10, ""both_incorrect"": 89, ""judge_only_correct"": 5, ""standard_only_correct"": 6}"
4,infographic,natural_photo,ai2d,20,20,20,0.350000,0.400000,1.000000,0.000000,1.000000,0.850000,0.684737,0.150000,"{""official_metric"": 20}","{""multiple_choice_accuracy"": 20}","{""both_correct"": 6, ""both_incorrect"": 11, ""judge_only_correct"": 2, ""standard_only_correct"": 1}"
4,infographic,natural_photo,aokvqa,100,100,100,0.180000,0.426000,1.000000,0.000000,1.000000,0.740000,0.556752,0.246000,"{""official_metric"": 100}","{""multiple_choice_accuracy"": 100}","{""both_correct"": 18, ""both_incorrect"": 56, ""judge_only_correct"": 26}"
4,infographic,natural_photo,gqa,119,119,119,0.386555,0.439496,1.000000,0.000000,1.000000,0.932773,0.910704,0.052941,"{""official_metric"": 119}","{""normalized_accuracy"": 119}","{""both_correct"": 46, ""both_incorrect"": 65, ""judge_only_correct"": 8}"
4,infographic,natural_photo,iconqa,83,83,83,0.265060,0.265060,1.000000,0.000000,1.000000,0.939759,0.890176,0.048193,"{""official_metric"": 83}","{""multiple_choice_accuracy"": 83}","{""both_correct"": 20, ""both_incorrect"": 58, ""judge_only_correct"": 3, ""standard_only_correct"": 2}"
4,infographic,natural_photo,infographicvqa,8,8,8,0.375000,0.375000,1.000000,0.000000,1.000000,1.000000,1.000000,0.000000,"{""official_metric"": 8}","{""anls"": 8}","{""both_correct"": 3, ""both_incorrect"": 5}"
4,infographic,natural_photo,mmmu,77,77,77,0.051948,0.109091,1.000000,0.000000,1.000000,0.909091,0.497449,0.083117,"{""official_metric"": 77}","{""multiple_choice_accuracy"": 77}","{""both_correct"": 3, ""both_incorrect"": 67, ""judge_only_correct"": 6, ""standard_only_correct"": 1}"
4,infographic,natural_photo,okvqa,81,81,81,0.446914,0.561728,1.000000,0.000000,1.000000,0.839506,0.739632,0.176543,"{""official_metric"": 81}","{""vqa_soft_accuracy"": 81}","{""both_correct"": 38, ""both_incorrect"": 30, ""judge_only_correct"": 10, ""standard_only_correct"": 3}"
4,infographic,natural_photo,pathvqa,9,9,9,0.333333,0.444444,1.000000,0.000000,1.000000,0.888889,0.790569,0.111111,"{""official_metric"": 9}","{""normalized_accuracy"": 9}","{""both_correct"": 3, ""both_incorrect"": 5, ""judge_only_correct"": 1}"
4,infographic,natural_photo,slake,76,76,76,0.368421,0.368421,1.000000,0.000000,1.000000,1.000000,1.000000,0.000000,"{""official_metric"": 76}","{""normalized_accuracy"": 76}","{""both_correct"": 28, ""both_incorrect"": 48}"
4,infographic,natural_photo,tallyqa,103,103,103,0.427184,0.427184,1.000000,0.000000,1.000000,1.000000,1.000000,0.000000,"{""official_metric"": 103}","{""count_accuracy"": 103}","{""both_correct"": 44, ""both_incorrect"": 59}"
4,infographic,natural_photo,textvqa,101,101,101,0.335644,0.444554,1.000000,0.000000,1.000000,0.871287,0.841912,0.108911,"{""official_metric"": 101}","{""vqa_soft_accuracy"": 101}","{""both_correct"": 34, ""both_incorrect"": 54, ""judge_only_correct"": 13}"
4,infographic,natural_photo,visual7w,109,109,109,0.706422,0.713761,1.000000,0.000000,1.000000,0.990826,0.985879,0.007339,"{""official_metric"": 109}","{""multiple_choice_accuracy"": 109}","{""both_correct"": 77, ""both_incorrect"": 31, ""judge_only_correct"": 1}"
4,infographic,natural_photo,vqav2,114,114,114,0.454386,0.542105,1.000000,0.000000,1.000000,0.877193,0.831615,0.124561,"{""official_metric"": 114}","{""vqa_soft_accuracy"": 114}","{""both_correct"": 50, ""both_incorrect"": 50, ""judge_only_correct"": 13, ""standard_only_correct"": 1}"
4,infographic,medical,ai2d,6,6,6,0.166667,0.333333,1.000000,0.000000,1.000000,0.833333,0.632456,0.166667,"{""official_metric"": 6}","{""multiple_choice_accuracy"": 6}","{""both_correct"": 1, ""both_incorrect"": 4, ""judge_only_correct"": 1}"
4,infographic,medical,gqa,2,2,2,0.000000,0.000000,1.000000,0.000000,1.000000,1.000000,,0.000000,"{""official_metric"": 2}","{""normalized_accuracy"": 2}","{""both_incorrect"": 2}"
4,infographic,medical,iconqa,1,1,1,0.000000,0.000000,1.000000,0.000000,1.000000,1.000000,,0.000000,"{""official_metric"": 1}","{""multiple_choice_accuracy"": 1}","{""both_incorrect"": 1}"
4,infographic,medical,mmmu,140,140,140,0.057143,0.106786,1.000000,0.000000,1.000000,0.942857,0.731356,0.049643,"{""official_metric"": 140}","{""multiple_choice_accuracy"": 140}","{""both_correct"": 8, ""both_incorrect"": 124, ""judge_only_correct"": 8}"
4,infographic,medical,okvqa,1,1,1,0.000000,0.000000,1.000000,0.000000,1.000000,1.000000,,0.000000,"{""official_metric"": 1}","{""vqa_soft_accuracy"": 1}","{""both_incorrect"": 1}"
4,infographic,medical,pathvqa,555,555,555,0.529730,0.556757,1.000000,0.000000,1.000000,0.963964,0.957884,0.027027,"{""official_metric"": 555}","{""normalized_accuracy"": 555}","{""both_correct"": 294, ""both_incorrect"": 241, ""judge_only_correct"": 20}"
4,infographic,medical,slake,138,138,138,0.376812,0.438406,1.000000,0.000000,1.000000,0.920290,0.900876,0.061594,"{""official_metric"": 138}","{""normalized_accuracy"": 138}","{""both_correct"": 52, ""both_incorrect"": 75, ""judge_only_correct"": 11}"
4,infographic,medical,vqarad,157,157,157,0.433121,0.466242,1.000000,0.000000,1.000000,0.955414,0.949196,0.033121,"{""official_metric"": 157}","{""normalized_accuracy"": 157}","{""both_correct"": 68, ""both_incorrect"": 82, ""judge_only_correct"": 7}"
4,infographic,document,ai2d,3,3,3,0.333333,0.333333,1.000000,0.000000,1.000000,1.000000,1.000000,0.000000,"{""official_metric"": 3}","{""multiple_choice_accuracy"": 3}","{""both_correct"": 1, ""both_incorrect"": 2}"
4,infographic,document,aokvqa,12,12,12,0.416667,0.500000,1.000000,0.000000,1.000000,0.916667,0.845154,0.083333,"{""official_metric"": 12}","{""multiple_choice_accuracy"": 12}","{""both_correct"": 5, ""both_incorrect"": 6, ""judge_only_correct"": 1}"
4,infographic,document,docvqa,529,529,529,0.352330,0.223251,1.000000,0.000000,1.000000,0.727788,0.626440,0.201564,"{""official_metric"": 529}","{""anls"": 529}","{""both_correct"": 106, ""both_incorrect"": 279, ""judge_only_correct"": 17, ""standard_only_correct"": 127}"
4,infographic,document,iconqa,83,83,83,0.060241,0.060241,1.000000,0.000000,1.000000,1.000000,1.000000,0.000000,"{""official_metric"": 83}","{""multiple_choice_accuracy"": 83}","{""both_correct"": 5, ""both_incorrect"": 78}"
4,infographic,document,infographicvqa,28,28,28,0.174741,0.160714,1.000000,0.000000,1.000000,0.821429,0.595034,0.133592,"{""official_metric"": 28}","{""anls"": 28}","{""both_correct"": 3, ""both_incorrect"": 20, ""judge_only_correct"": 2, ""standard_only_correct"": 3}"
4,infographic,document,mmmu,155,155,155,0.045161,0.079355,1.000000,0.000000,1.000000,0.948387,0.642187,0.047097,"{""official_metric"": 155}","{""multiple_choice_accuracy"": 155}","{""both_correct"": 6, ""both_incorrect"": 141, ""judge_only_correct"": 7, ""standard_only_correct"": 1}"
4,infographic,document,okvqa,4,4,4,0.250000,0.250000,1.000000,0.000000,1.000000,1.000000,1.000000,0.000000,"{""official_metric"": 4}","{""vqa_soft_accuracy"": 4}","{""both_correct"": 1, ""both_incorrect"": 3}"
4,infographic,document,pathvqa,2,2,2,0.000000,0.000000,1.000000,0.000000,1.000000,1.000000,,0.000000,"{""official_metric"": 2}","{""normalized_accuracy"": 2}","{""both_incorrect"": 2}"
4,infographic,document,slake,2,2,2,0.000000,0.000000,1.000000,0.000000,1.000000,1.000000,,0.000000,"{""official_metric"": 2}","{""normalized_accuracy"": 2}","{""both_incorrect"": 2}"
4,infographic,document,tallyqa,8,8,8,0.500000,0.500000,1.000000,0.000000,1.000000,1.000000,1.000000,0.000000,"{""official_metric"": 8}","{""count_accuracy"": 8}","{""both_correct"": 4, ""both_incorrect"": 4}"
4,infographic,document,textvqa,122,122,122,0.281967,0.381148,1.000000,0.000000,1.000000,0.868852,0.833233,0.104098,"{""official_metric"": 122}","{""vqa_soft_accuracy"": 122}","{""both_correct"": 34, ""both_incorrect"": 72, ""judge_only_correct"": 16}"
4,infographic,document,visual7w,12,12,12,0.666667,0.666667,1.000000,0.000000,1.000000,1.000000,1.000000,0.000000,"{""official_metric"": 12}","{""multiple_choice_accuracy"": 12}","{""both_correct"": 8, ""both_incorrect"": 4}"
4,infographic,document,vqav2,40,40,40,0.412500,0.527500,1.000000,0.000000,1.000000,0.850000,0.839583,0.115000,"{""official_metric"": 40}","{""vqa_soft_accuracy"": 40}","{""both_correct"": 16, ""both_incorrect"": 18, ""judge_only_correct"": 6}"
4,infographic,infographic,ai2d,2,2,2,0.000000,0.000000,1.000000,0.000000,1.000000,1.000000,,0.000000,"{""official_metric"": 2}","{""multiple_choice_accuracy"": 2}","{""both_incorrect"": 2}"
4,infographic,infographic,iconqa,117,117,117,0.230769,0.230769,1.000000,0.000000,1.000000,1.000000,1.000000,0.000000,"{""official_metric"": 117}","{""multiple_choice_accuracy"": 117}","{""both_correct"": 27, ""both_incorrect"": 90}"
4,infographic,infographic,infographicvqa,831,831,831,0.272858,0.206859,1.000000,0.000000,1.000000,0.794224,0.689245,0.148043,"{""official_metric"": 831}","{""anls"": 831}","{""both_correct"": 148, ""both_incorrect"": 512, ""judge_only_correct"": 30, ""standard_only_correct"": 141}"
4,infographic,infographic,mmmu,15,15,15,0.000000,0.000000,1.000000,0.000000,1.000000,1.000000,,0.000000,"{""official_metric"": 15}","{""multiple_choice_accuracy"": 15}","{""both_incorrect"": 15}"
4,infographic,infographic,okvqa,2,2,2,0.300000,0.400000,1.000000,0.000000,1.000000,1.000000,1.000000,0.100000,"{""official_metric"": 2}","{""vqa_soft_accuracy"": 2}","{""both_correct"": 1, ""both_incorrect"": 1}"
4,infographic,infographic,textvqa,23,23,23,0.286957,0.326087,1.000000,0.000000,1.000000,0.956522,0.960212,0.039130,"{""official_metric"": 23}","{""vqa_soft_accuracy"": 23}","{""both_correct"": 7, ""both_incorrect"": 15, ""judge_only_correct"": 1}"
4,infographic,infographic,tqa,8,8,8,0.125000,0.375000,1.000000,0.000000,1.000000,0.750000,0.487950,0.250000,"{""official_metric"": 8}","{""chartqa_relaxed_accuracy"": 8}","{""both_correct"": 1, ""both_incorrect"": 5, ""judge_only_correct"": 2}"
4,infographic,infographic,visual7w,1,1,1,1.000000,1.000000,1.000000,0.000000,1.000000,1.000000,,0.000000,"{""official_metric"": 1}","{""multiple_choice_accuracy"": 1}","{""both_correct"": 1}"
4,infographic,infographic,vqav2,1,1,1,0.000000,0.000000,1.000000,0.000000,1.000000,1.000000,,0.000000,"{""official_metric"": 1}","{""vqa_soft_accuracy"": 1}","{""both_incorrect"": 1}"
4,infographic,diagram,ai2d,203,203,203,0.216749,0.266502,1.000000,0.000000,1.000000,0.881773,0.723068,0.108867,"{""official_metric"": 203}","{""multiple_choice_accuracy"": 203}","{""both_correct"": 38, ""both_incorrect"": 141, ""judge_only_correct"": 18, ""standard_only_correct"": 6}"
4,infographic,diagram,geometry3k,192,192,192,0.041667,0.041667,1.000000,0.000000,1.000000,1.000000,1.000000,0.000000,"{""official_metric"": 192}","{""normalized_accuracy"": 192}","{""both_correct"": 8, ""both_incorrect"": 184}"
4,infographic,diagram,iconqa,226,226,226,0.265487,0.309735,1.000000,0.000000,1.000000,0.955752,0.897501,0.044248,"{""official_metric"": 226}","{""multiple_choice_accuracy"": 226}","{""both_correct"": 60, ""both_incorrect"": 156, ""judge_only_correct"": 10}"
4,infographic,diagram,mmmu,208,208,208,0.067308,0.082212,1.000000,0.000000,1.000000,0.971154,0.843168,0.024519,"{""official_metric"": 208}","{""multiple_choice_accuracy"": 208}","{""both_correct"": 13, ""both_incorrect"": 189, ""judge_only_correct"": 5, ""standard_only_correct"": 1}"
4,infographic,diagram,pathvqa,166,166,166,0.319277,0.384337,1.000000,0.000000,1.000000,0.921687,0.883362,0.065060,"{""official_metric"": 166}","{""normalized_accuracy"": 166}","{""both_correct"": 53, ""both_incorrect"": 100, ""judge_only_correct"": 13}"
4,infographic,diagram,textvqa,5,5,5,0.400000,0.500000,1.000000,0.000000,1.000000,0.800000,0.912871,0.100000,"{""official_metric"": 5}","{""vqa_soft_accuracy"": 5}","{""both_correct"": 2, ""both_incorrect"": 2, ""judge_only_correct"": 1}"
4,infographic,chart,chartqa,116,116,116,0.103448,0.106034,1.000000,0.000000,1.000000,0.887931,0.442996,0.106034,"{""official_metric"": 116}","{""chartqa_relaxed_accuracy"": 116}","{""both_correct"": 6, ""both_incorrect"": 97, ""judge_only_correct"": 7, ""standard_only_correct"": 6}"
4,infographic,chart,chartqa_eval,114,114,114,0.096491,0.077193,1.000000,0.000000,1.000000,0.877193,0.241812,0.121053,"{""official_metric"": 114}","{""chartqa_relaxed_accuracy"": 114}","{""both_correct"": 3, ""both_incorrect"": 97, ""judge_only_correct"": 6, ""standard_only_correct"": 8}"
4,infographic,chart,docvqa,27,27,27,0.240741,0.162963,1.000000,0.000000,1.000000,0.777778,0.648002,0.146914,"{""official_metric"": 27}","{""anls"": 27}","{""both_correct"": 4, ""both_incorrect"": 17, ""judge_only_correct"": 1, ""standard_only_correct"": 5}"
4,infographic,chart,dvqa,426,426,426,0.197183,0.203286,1.000000,0.000000,1.000000,0.992958,0.983406,0.006103,"{""official_metric"": 426}","{""normalized_accuracy"": 426}","{""both_correct"": 84, ""both_incorrect"": 339, ""judge_only_correct"": 3}"
4,infographic,chart,iconqa,4,4,4,0.000000,0.000000,1.000000,0.000000,1.000000,1.000000,,0.000000,"{""official_metric"": 4}","{""multiple_choice_accuracy"": 4}","{""both_incorrect"": 4}"
4,infographic,chart,infographicvqa,100,100,100,0.209548,0.155000,1.000000,0.000000,1.000000,0.880000,0.832538,0.074548,"{""official_metric"": 100}","{""anls"": 100}","{""both_correct"": 15, ""both_incorrect"": 73, ""judge_only_correct"": 1, ""standard_only_correct"": 11}"
4,infographic,chart,mmmu,101,101,101,0.049505,0.079208,1.000000,0.000000,1.000000,0.930693,0.440097,0.069307,"{""official_metric"": 101}","{""multiple_choice_accuracy"": 101}","{""both_correct"": 3, ""both_incorrect"": 91, ""judge_only_correct"": 5, ""standard_only_correct"": 2}"
4,infographic,chart,pathvqa,1,1,1,0.000000,0.000000,1.000000,0.000000,1.000000,1.000000,,0.000000,"{""official_metric"": 1}","{""normalized_accuracy"": 1}","{""both_incorrect"": 1}"
4,infographic,chart,textvqa,1,1,1,1.000000,1.000000,1.000000,0.000000,1.000000,1.000000,,0.000000,"{""official_metric"": 1}","{""vqa_soft_accuracy"": 1}","{""both_correct"": 1}"
4,infographic,chart,tqa,110,110,110,0.136364,0.161818,1.000000,0.000000,1.000000,0.909091,0.696976,0.083636,"{""official_metric"": 110}","{""chartqa_relaxed_accuracy"": 110}","{""both_correct"": 12, ""both_incorrect"": 88, ""judge_only_correct"": 7, ""standard_only_correct"": 3}"
5,diagram,natural_photo,ai2d,20,20,20,0.400000,0.540000,1.000000,0.000000,1.000000,0.850000,0.766029,0.140000,"{""official_metric"": 20}","{""multiple_choice_accuracy"": 20}","{""both_correct"": 8, ""both_incorrect"": 9, ""judge_only_correct"": 3}"
5,diagram,natural_photo,aokvqa,100,100,100,0.200000,0.444000,1.000000,0.000000,1.000000,0.730000,0.580853,0.244000,"{""official_metric"": 100}","{""multiple_choice_accuracy"": 100}","{""both_correct"": 20, ""both_incorrect"": 53, ""judge_only_correct"": 27}"
5,diagram,natural_photo,gqa,119,119,119,0.344538,0.380672,1.000000,0.000000,1.000000,0.957983,0.931593,0.036134,"{""official_metric"": 119}","{""normalized_accuracy"": 119}","{""both_correct"": 41, ""both_incorrect"": 73, ""judge_only_correct"": 5}"
5,diagram,natural_photo,iconqa,83,83,83,0.289157,0.289157,1.000000,0.000000,1.000000,1.000000,1.000000,0.000000,"{""official_metric"": 83}","{""multiple_choice_accuracy"": 83}","{""both_correct"": 24, ""both_incorrect"": 59}"
5,diagram,natural_photo,infographicvqa,8,8,8,0.562500,0.500000,1.000000,0.000000,1.000000,0.875000,0.943880,0.062500,"{""official_metric"": 8}","{""anls"": 8}","{""both_correct"": 4, ""both_incorrect"": 3, ""standard_only_correct"": 1}"
5,diagram,natural_photo,mmmu,77,77,77,0.064935,0.085714,1.000000,0.000000,1.000000,0.974026,0.884433,0.020779,"{""official_metric"": 77}","{""multiple_choice_accuracy"": 77}","{""both_correct"": 5, ""both_incorrect"": 70, ""judge_only_correct"": 2}"
5,diagram,natural_photo,okvqa,81,81,81,0.508642,0.602469,1.000000,0.000000,1.000000,0.864198,0.777700,0.150617,"{""official_metric"": 81}","{""vqa_soft_accuracy"": 81}","{""both_correct"": 43, ""both_incorrect"": 27, ""judge_only_correct"": 8, ""standard_only_correct"": 3}"
5,diagram,natural_photo,pathvqa,9,9,9,0.444444,0.555556,1.000000,0.000000,1.000000,0.888889,0.800000,0.111111,"{""official_metric"": 9}","{""normalized_accuracy"": 9}","{""both_correct"": 4, ""both_incorrect"": 4, ""judge_only_correct"": 1}"
5,diagram,natural_photo,slake,76,76,76,0.407895,0.407895,1.000000,0.000000,1.000000,1.000000,1.000000,0.000000,"{""official_metric"": 76}","{""normalized_accuracy"": 76}","{""both_correct"": 31, ""both_incorrect"": 45}"
5,diagram,natural_photo,tallyqa,103,103,103,0.495146,0.495146,1.000000,0.000000,1.000000,1.000000,1.000000,0.000000,"{""official_metric"": 103}","{""count_accuracy"": 103}","{""both_correct"": 51, ""both_incorrect"": 52}"
5,diagram,natural_photo,textvqa,101,101,101,0.369307,0.462376,1.000000,0.000000,1.000000,0.900990,0.861856,0.093069,"{""official_metric"": 101}","{""vqa_soft_accuracy"": 101}","{""both_correct"": 38, ""both_incorrect"": 53, ""judge_only_correct"": 10}"
5,diagram,natural_photo,visual7w,109,109,109,0.743119,0.743119,1.000000,0.000000,1.000000,1.000000,1.000000,0.000000,"{""official_metric"": 109}","{""multiple_choice_accuracy"": 109}","{""both_correct"": 81, ""both_incorrect"": 28}"
5,diagram,natural_photo,vqav2,114,114,114,0.486842,0.575439,1.000000,0.000000,1.000000,0.877193,0.825637,0.120175,"{""official_metric"": 114}","{""vqa_soft_accuracy"": 114}","{""both_correct"": 54, ""both_incorrect"": 46, ""judge_only_correct"": 13, ""standard_only_correct"": 1}"
5,diagram,medical,ai2d,6,6,6,0.500000,0.500000,1.000000,0.000000,1.000000,1.000000,1.000000,0.000000,"{""official_metric"": 6}","{""multiple_choice_accuracy"": 6}","{""both_correct"": 3, ""both_incorrect"": 3}"
5,diagram,medical,gqa,2,2,2,0.500000,0.500000,1.000000,0.000000,1.000000,1.000000,1.000000,0.000000,"{""official_metric"": 2}","{""normalized_accuracy"": 2}","{""both_correct"": 1, ""both_incorrect"": 1}"
5,diagram,medical,iconqa,1,1,1,1.000000,1.000000,1.000000,0.000000,1.000000,1.000000,,0.000000,"{""official_metric"": 1}","{""multiple_choice_accuracy"": 1}","{""both_correct"": 1}"
5,diagram,medical,mmmu,140,140,140,0.057143,0.108929,1.000000,0.000000,1.000000,0.928571,0.619343,0.066071,"{""official_metric"": 140}","{""multiple_choice_accuracy"": 140}","{""both_correct"": 7, ""both_incorrect"": 123, ""judge_only_correct"": 9, ""standard_only_correct"": 1}"
5,diagram,medical,okvqa,1,1,1,0.000000,0.000000,1.000000,0.000000,1.000000,1.000000,,0.000000,"{""official_metric"": 1}","{""vqa_soft_accuracy"": 1}","{""both_incorrect"": 1}"
5,diagram,medical,pathvqa,555,555,555,0.493694,0.520180,1.000000,0.000000,1.000000,0.965766,0.958788,0.026486,"{""official_metric"": 555}","{""normalized_accuracy"": 555}","{""both_correct"": 274, ""both_incorrect"": 262, ""judge_only_correct"": 19}"
5,diagram,medical,slake,138,138,138,0.420290,0.460145,1.000000,0.000000,1.000000,0.949275,0.936732,0.039855,"{""official_metric"": 138}","{""normalized_accuracy"": 138}","{""both_correct"": 58, ""both_incorrect"": 73, ""judge_only_correct"": 7}"
5,diagram,medical,vqarad,157,157,157,0.426752,0.473885,1.000000,0.000000,1.000000,0.942675,0.920716,0.047134,"{""official_metric"": 157}","{""normalized_accuracy"": 157}","{""both_correct"": 67, ""both_incorrect"": 81, ""judge_only_correct"": 9}"
5,diagram,document,ai2d,3,3,3,0.666667,0.333333,1.000000,0.000000,1.000000,0.666667,0.500000,0.333333,"{""official_metric"": 3}","{""multiple_choice_accuracy"": 3}","{""both_correct"": 1, ""both_incorrect"": 1, ""standard_only_correct"": 1}"
5,diagram,document,aokvqa,12,12,12,0.333333,0.500000,1.000000,0.000000,1.000000,0.833333,0.707107,0.166667,"{""official_metric"": 12}","{""multiple_choice_accuracy"": 12}","{""both_correct"": 4, ""both_incorrect"": 6, ""judge_only_correct"": 2}"
5,diagram,document,docvqa,529,529,529,0.317289,0.193762,1.000000,0.000000,1.000000,0.733459,0.603842,0.196535,"{""official_metric"": 529}","{""anls"": 529}","{""both_correct"": 91, ""both_incorrect"": 297, ""judge_only_correct"": 17, ""standard_only_correct"": 124}"
5,diagram,document,iconqa,83,83,83,0.048193,0.048193,1.000000,0.000000,1.000000,1.000000,1.000000,0.000000,"{""official_metric"": 83}","{""multiple_choice_accuracy"": 83}","{""both_correct"": 4, ""both_incorrect"": 79}"
5,diagram,document,infographicvqa,28,28,28,0.153571,0.153571,1.000000,0.000000,1.000000,0.750000,0.451189,0.164286,"{""official_metric"": 28}","{""anls"": 28}","{""both_correct"": 2, ""both_incorrect"": 19, ""judge_only_correct"": 3, ""standard_only_correct"": 4}"
5,diagram,document,mmmu,155,155,155,0.032258,0.061935,1.000000,0.000000,1.000000,0.967742,0.723507,0.029677,"{""official_metric"": 155}","{""multiple_choice_accuracy"": 155}","{""both_correct"": 5, ""both_incorrect"": 145, ""judge_only_correct"": 5}"
5,diagram,document,okvqa,4,4,4,0.250000,0.250000,1.000000,0.000000,1.000000,1.000000,1.000000,0.000000,"{""official_metric"": 4}","{""vqa_soft_accuracy"": 4}","{""both_correct"": 1, ""both_incorrect"": 3}"
5,diagram,document,pathvqa,2,2,2,0.000000,0.000000,1.000000,0.000000,1.000000,1.000000,,0.000000,"{""official_metric"": 2}","{""normalized_accuracy"": 2}","{""both_incorrect"": 2}"
5,diagram,document,slake,2,2,2,0.000000,0.000000,1.000000,0.000000,1.000000,1.000000,,0.000000,"{""official_metric"": 2}","{""normalized_accuracy"": 2}","{""both_incorrect"": 2}"
5,diagram,document,tallyqa,8,8,8,0.250000,0.250000,1.000000,0.000000,1.000000,1.000000,1.000000,0.000000,"{""official_metric"": 8}","{""count_accuracy"": 8}","{""both_correct"": 2, ""both_incorrect"": 6}"
5,diagram,document,textvqa,122,122,122,0.267213,0.334426,1.000000,0.000000,1.000000,0.893443,0.871231,0.083607,"{""official_metric"": 122}","{""vqa_soft_accuracy"": 122}","{""both_correct"": 31, ""both_incorrect"": 78, ""judge_only_correct"": 13}"
5,diagram,document,visual7w,12,12,12,0.666667,0.666667,1.000000,0.000000,1.000000,1.000000,1.000000,0.000000,"{""official_metric"": 12}","{""multiple_choice_accuracy"": 12}","{""both_correct"": 8, ""both_incorrect"": 4}"
5,diagram,document,vqav2,40,40,40,0.400000,0.502500,1.000000,0.000000,1.000000,0.775000,0.713204,0.182500,"{""official_metric"": 40}","{""vqa_soft_accuracy"": 40}","{""both_correct"": 14, ""both_incorrect"": 17, ""judge_only_correct"": 7, ""standard_only_correct"": 2}"
5,diagram,infographic,ai2d,2,2,2,0.000000,0.400000,1.000000,0.000000,1.000000,0.500000,,0.400000,"{""official_metric"": 2}","{""multiple_choice_accuracy"": 2}","{""both_incorrect"": 1, ""judge_only_correct"": 1}"
5,diagram,infographic,iconqa,117,117,117,0.179487,0.179487,1.000000,0.000000,1.000000,1.000000,1.000000,0.000000,"{""official_metric"": 117}","{""multiple_choice_accuracy"": 117}","{""both_correct"": 21, ""both_incorrect"": 96}"
5,diagram,infographic,infographicvqa,831,831,831,0.245823,0.183153,1.000000,0.000000,1.000000,0.811071,0.698695,0.134176,"{""official_metric"": 831}","{""anls"": 831}","{""both_correct"": 131, ""both_incorrect"": 543, ""judge_only_correct"": 27, ""standard_only_correct"": 130}"
5,diagram,infographic,mmmu,15,15,15,0.000000,0.053333,1.000000,0.000000,1.000000,0.933333,,0.053333,"{""official_metric"": 15}","{""multiple_choice_accuracy"": 15}","{""both_incorrect"": 14, ""judge_only_correct"": 1}"
5,diagram,infographic,okvqa,2,2,2,0.300000,0.400000,1.000000,0.000000,1.000000,1.000000,1.000000,0.100000,"{""official_metric"": 2}","{""vqa_soft_accuracy"": 2}","{""both_correct"": 1, ""both_incorrect"": 1}"
5,diagram,infographic,textvqa,23,23,23,0.286957,0.339130,1.000000,0.000000,1.000000,0.956522,0.923502,0.052174,"{""official_metric"": 23}","{""vqa_soft_accuracy"": 23}","{""both_correct"": 7, ""both_incorrect"": 15, ""judge_only_correct"": 1}"
5,diagram,infographic,tqa,8,8,8,0.250000,0.250000,1.000000,0.000000,1.000000,1.000000,1.000000,0.000000,"{""official_metric"": 8}","{""chartqa_relaxed_accuracy"": 8}","{""both_correct"": 2, ""both_incorrect"": 6}"
5,diagram,infographic,visual7w,1,1,1,0.000000,0.000000,1.000000,0.000000,1.000000,1.000000,,0.000000,"{""official_metric"": 1}","{""multiple_choice_accuracy"": 1}","{""both_incorrect"": 1}"
5,diagram,infographic,vqav2,1,1,1,0.000000,0.000000,1.000000,0.000000,1.000000,1.000000,,0.000000,"{""official_metric"": 1}","{""vqa_soft_accuracy"": 1}","{""both_incorrect"": 1}"
5,diagram,diagram,ai2d,203,203,203,0.226601,0.341872,1.000000,0.000000,1.000000,0.866995,0.736609,0.125123,"{""official_metric"": 203}","{""multiple_choice_accuracy"": 203}","{""both_correct"": 45, ""both_incorrect"": 131, ""judge_only_correct"": 26, ""standard_only_correct"": 1}"
5,diagram,diagram,geometry3k,192,192,192,0.093750,0.097917,1.000000,0.000000,1.000000,0.994792,0.980878,0.004167,"{""official_metric"": 192}","{""normalized_accuracy"": 192}","{""both_correct"": 18, ""both_incorrect"": 173, ""judge_only_correct"": 1}"
5,diagram,diagram,iconqa,226,226,226,0.376106,0.398230,1.000000,0.000000,1.000000,0.977876,0.954439,0.022124,"{""official_metric"": 226}","{""multiple_choice_accuracy"": 226}","{""both_correct"": 85, ""both_incorrect"": 136, ""judge_only_correct"": 5}"
5,diagram,diagram,mmmu,208,208,208,0.091346,0.095192,1.000000,0.000000,1.000000,0.975962,0.867676,0.023077,"{""official_metric"": 208}","{""multiple_choice_accuracy"": 208}","{""both_correct"": 17, ""both_incorrect"": 186, ""judge_only_correct"": 3, ""standard_only_correct"": 2}"
5,diagram,diagram,pathvqa,166,166,166,0.265060,0.340361,1.000000,0.000000,1.000000,0.909639,0.855910,0.075301,"{""official_metric"": 166}","{""normalized_accuracy"": 166}","{""both_correct"": 44, ""both_incorrect"": 107, ""judge_only_correct"": 15}"
5,diagram,diagram,textvqa,5,5,5,0.400000,0.400000,1.000000,0.000000,1.000000,1.000000,1.000000,0.000000,"{""official_metric"": 5}","{""vqa_soft_accuracy"": 5}","{""both_correct"": 2, ""both_incorrect"": 3}"
5,diagram,chart,chartqa,116,116,116,0.129310,0.080172,1.000000,0.000000,1.000000,0.887931,0.465158,0.106034,"{""official_metric"": 116}","{""chartqa_relaxed_accuracy"": 116}","{""both_correct"": 6, ""both_incorrect"": 97, ""judge_only_correct"": 4, ""standard_only_correct"": 9}"
5,diagram,chart,chartqa_eval,114,114,114,0.105263,0.070175,1.000000,0.000000,1.000000,0.929825,0.577150,0.070175,"{""official_metric"": 114}","{""chartqa_relaxed_accuracy"": 114}","{""both_correct"": 6, ""both_incorrect"": 100, ""judge_only_correct"": 2, ""standard_only_correct"": 6}"
5,diagram,chart,docvqa,27,27,27,0.235802,0.151852,1.000000,0.000000,1.000000,0.777778,0.720749,0.130864,"{""official_metric"": 27}","{""anls"": 27}","{""both_correct"": 4, ""both_incorrect"": 17, ""judge_only_correct"": 1, ""standard_only_correct"": 5}"
5,diagram,chart,dvqa,426,426,426,0.164319,0.166197,1.000000,0.000000,1.000000,0.997653,0.994565,0.001878,"{""official_metric"": 426}","{""normalized_accuracy"": 426}","{""both_correct"": 70, ""both_incorrect"": 355, ""judge_only_correct"": 1}"
5,diagram,chart,iconqa,4,4,4,0.000000,0.000000,1.000000,0.000000,1.000000,1.000000,,0.000000,"{""official_metric"": 4}","{""multiple_choice_accuracy"": 4}","{""both_incorrect"": 4}"
5,diagram,chart,infographicvqa,100,100,100,0.211405,0.136000,1.000000,0.000000,1.000000,0.820000,0.786501,0.103024,"{""official_metric"": 100}","{""anls"": 100}","{""both_correct"": 13, ""both_incorrect"": 69, ""judge_only_correct"": 1, ""standard_only_correct"": 17}"
5,diagram,chart,mmmu,101,101,101,0.049505,0.095050,1.000000,0.000000,1.000000,0.910891,0.400369,0.085149,"{""official_metric"": 101}","{""multiple_choice_accuracy"": 101}","{""both_correct"": 3, ""both_incorrect"": 89, ""judge_only_correct"": 7, ""standard_only_correct"": 2}"
5,diagram,chart,pathvqa,1,1,1,0.000000,0.000000,1.000000,0.000000,1.000000,1.000000,,0.000000,"{""official_metric"": 1}","{""normalized_accuracy"": 1}","{""both_incorrect"": 1}"
5,diagram,chart,textvqa,1,1,1,1.000000,1.000000,1.000000,0.000000,1.000000,1.000000,,0.000000,"{""official_metric"": 1}","{""vqa_soft_accuracy"": 1}","{""both_correct"": 1}"
5,diagram,chart,tqa,110,110,110,0.090909,0.114545,1.000000,0.000000,1.000000,0.936364,0.690599,0.060000,"{""official_metric"": 110}","{""chartqa_relaxed_accuracy"": 110}","{""both_correct"": 8, ""both_incorrect"": 95, ""judge_only_correct"": 5, ""standard_only_correct"": 2}"
6,chart,natural_photo,ai2d,20,20,20,0.200000,0.290000,1.000000,0.000000,1.000000,0.900000,0.798005,0.090000,"{""official_metric"": 20}","{""multiple_choice_accuracy"": 20}","{""both_correct"": 4, ""both_incorrect"": 14, ""judge_only_correct"": 2}"
6,chart,natural_photo,aokvqa,100,100,100,0.190000,0.414000,1.000000,0.000000,1.000000,0.760000,0.592043,0.224000,"{""official_metric"": 100}","{""multiple_choice_accuracy"": 100}","{""both_correct"": 19, ""both_incorrect"": 57, ""judge_only_correct"": 24}"
6,chart,natural_photo,gqa,119,119,119,0.403361,0.431092,1.000000,0.000000,1.000000,0.966387,0.951260,0.027731,"{""official_metric"": 119}","{""normalized_accuracy"": 119}","{""both_correct"": 48, ""both_incorrect"": 67, ""judge_only_correct"": 4}"
6,chart,natural_photo,iconqa,83,83,83,0.253012,0.265060,1.000000,0.000000,1.000000,0.975904,0.984438,0.012048,"{""official_metric"": 83}","{""multiple_choice_accuracy"": 83}","{""both_correct"": 21, ""both_incorrect"": 60, ""judge_only_correct"": 2}"
6,chart,natural_photo,infographicvqa,8,8,8,0.562500,0.500000,1.000000,0.000000,1.000000,0.875000,0.943880,0.062500,"{""official_metric"": 8}","{""anls"": 8}","{""both_correct"": 4, ""both_incorrect"": 3, ""standard_only_correct"": 1}"
6,chart,natural_photo,mmmu,77,77,77,0.051948,0.106494,1.000000,0.000000,1.000000,0.935065,0.709748,0.054545,"{""official_metric"": 77}","{""multiple_choice_accuracy"": 77}","{""both_correct"": 4, ""both_incorrect"": 68, ""judge_only_correct"": 5}"
6,chart,natural_photo,okvqa,81,81,81,0.454321,0.570370,1.000000,0.000000,1.000000,0.839506,0.742944,0.162963,"{""official_metric"": 81}","{""vqa_soft_accuracy"": 81}","{""both_correct"": 38, ""both_incorrect"": 30, ""judge_only_correct"": 11, ""standard_only_correct"": 2}"
6,chart,natural_photo,pathvqa,9,9,9,0.333333,0.444444,1.000000,0.000000,1.000000,0.888889,0.790569,0.111111,"{""official_metric"": 9}","{""normalized_accuracy"": 9}","{""both_correct"": 3, ""both_incorrect"": 5, ""judge_only_correct"": 1}"
6,chart,natural_photo,slake,76,76,76,0.328947,0.328947,1.000000,0.000000,1.000000,1.000000,1.000000,0.000000,"{""official_metric"": 76}","{""normalized_accuracy"": 76}","{""both_correct"": 25, ""both_incorrect"": 51}"
6,chart,natural_photo,tallyqa,103,103,103,0.563107,0.563107,1.000000,0.000000,1.000000,1.000000,1.000000,0.000000,"{""official_metric"": 103}","{""count_accuracy"": 103}","{""both_correct"": 58, ""both_incorrect"": 45}"
6,chart,natural_photo,textvqa,101,101,101,0.322772,0.417822,1.000000,0.000000,1.000000,0.891089,0.853718,0.097030,"{""official_metric"": 101}","{""vqa_soft_accuracy"": 101}","{""both_correct"": 34, ""both_incorrect"": 56, ""judge_only_correct"": 11}"
6,chart,natural_photo,visual7w,109,109,109,0.706422,0.706422,1.000000,0.000000,1.000000,1.000000,1.000000,0.000000,"{""official_metric"": 109}","{""multiple_choice_accuracy"": 109}","{""both_correct"": 77, ""both_incorrect"": 32}"
6,chart,natural_photo,vqav2,114,114,114,0.477193,0.542982,1.000000,0.000000,1.000000,0.903509,0.869947,0.099123,"{""official_metric"": 114}","{""vqa_soft_accuracy"": 114}","{""both_correct"": 54, ""both_incorrect"": 49, ""judge_only_correct"": 10, ""standard_only_correct"": 1}"
6,chart,medical,ai2d,6,6,6,0.500000,0.500000,1.000000,0.000000,1.000000,1.000000,1.000000,0.000000,"{""official_metric"": 6}","{""multiple_choice_accuracy"": 6}","{""both_correct"": 3, ""both_incorrect"": 3}"
6,chart,medical,gqa,2,2,2,0.500000,0.500000,1.000000,0.000000,1.000000,1.000000,1.000000,0.000000,"{""official_metric"": 2}","{""normalized_accuracy"": 2}","{""both_correct"": 1, ""both_incorrect"": 1}"
6,chart,medical,iconqa,1,1,1,1.000000,1.000000,1.000000,0.000000,1.000000,1.000000,,0.000000,"{""official_metric"": 1}","{""multiple_choice_accuracy"": 1}","{""both_correct"": 1}"
6,chart,medical,mmmu,140,140,140,0.092857,0.116786,1.000000,0.000000,1.000000,0.921429,0.678197,0.066786,"{""official_metric"": 140}","{""multiple_choice_accuracy"": 140}","{""both_correct"": 10, ""both_incorrect"": 119, ""judge_only_correct"": 8, ""standard_only_correct"": 3}"
6,chart,medical,okvqa,1,1,1,0.000000,0.000000,1.000000,0.000000,1.000000,1.000000,,0.000000,"{""official_metric"": 1}","{""vqa_soft_accuracy"": 1}","{""both_incorrect"": 1}"
6,chart,medical,pathvqa,555,555,555,0.524324,0.557117,1.000000,0.000000,1.000000,0.960360,0.945594,0.032793,"{""official_metric"": 555}","{""normalized_accuracy"": 555}","{""both_correct"": 291, ""both_incorrect"": 242, ""judge_only_correct"": 22}"
6,chart,medical,slake,138,138,138,0.391304,0.417391,1.000000,0.000000,1.000000,0.963768,0.959060,0.026087,"{""official_metric"": 138}","{""normalized_accuracy"": 138}","{""both_correct"": 54, ""both_incorrect"": 79, ""judge_only_correct"": 5}"
6,chart,medical,vqarad,157,157,157,0.388535,0.432484,1.000000,0.000000,1.000000,0.949045,0.921905,0.043949,"{""official_metric"": 157}","{""normalized_accuracy"": 157}","{""both_correct"": 61, ""both_incorrect"": 88, ""judge_only_correct"": 8}"
6,chart,document,ai2d,3,3,3,0.000000,0.600000,1.000000,0.000000,1.000000,0.333333,,0.600000,"{""official_metric"": 3}","{""multiple_choice_accuracy"": 3}","{""both_incorrect"": 1, ""judge_only_correct"": 2}"
6,chart,document,aokvqa,12,12,12,0.250000,0.333333,1.000000,0.000000,1.000000,0.916667,0.816497,0.083333,"{""official_metric"": 12}","{""multiple_choice_accuracy"": 12}","{""both_correct"": 3, ""both_incorrect"": 8, ""judge_only_correct"": 1}"
6,chart,document,docvqa,529,529,529,0.295010,0.177505,1.000000,0.000000,1.000000,0.754253,0.616991,0.182362,"{""official_metric"": 529}","{""anls"": 529}","{""both_correct"": 85, ""both_incorrect"": 314, ""judge_only_correct"": 14, ""standard_only_correct"": 116}"
6,chart,document,iconqa,83,83,83,0.048193,0.048193,1.000000,0.000000,1.000000,1.000000,1.000000,0.000000,"{""official_metric"": 83}","{""multiple_choice_accuracy"": 83}","{""both_correct"": 4, ""both_incorrect"": 79}"
6,chart,document,infographicvqa,28,28,28,0.111264,0.100000,1.000000,0.000000,1.000000,0.857143,0.575767,0.095879,"{""official_metric"": 28}","{""anls"": 28}","{""both_correct"": 2, ""both_incorrect"": 22, ""judge_only_correct"": 1, ""standard_only_correct"": 3}"
6,chart,document,mmmu,155,155,155,0.038710,0.076774,1.000000,0.000000,1.000000,0.961290,0.698739,0.038065,"{""official_metric"": 155}","{""multiple_choice_accuracy"": 155}","{""both_correct"": 6, ""both_incorrect"": 143, ""judge_only_correct"": 6}"
6,chart,document,okvqa,4,4,4,0.250000,0.500000,1.000000,0.000000,1.000000,0.750000,0.577350,0.250000,"{""official_metric"": 4}","{""vqa_soft_accuracy"": 4}","{""both_correct"": 1, ""both_incorrect"": 2, ""judge_only_correct"": 1}"
6,chart,document,pathvqa,2,2,2,0.500000,0.500000,1.000000,0.000000,1.000000,1.000000,1.000000,0.000000,"{""official_metric"": 2}","{""normalized_accuracy"": 2}","{""both_correct"": 1, ""both_incorrect"": 1}"
6,chart,document,slake,2,2,2,0.000000,0.000000,1.000000,0.000000,1.000000,1.000000,,0.000000,"{""official_metric"": 2}","{""normalized_accuracy"": 2}","{""both_incorrect"": 2}"
6,chart,document,tallyqa,8,8,8,0.375000,0.375000,1.000000,0.000000,1.000000,1.000000,1.000000,0.000000,"{""official_metric"": 8}","{""count_accuracy"": 8}","{""both_correct"": 3, ""both_incorrect"": 5}"
6,chart,document,textvqa,122,122,122,0.261475,0.365574,1.000000,0.000000,1.000000,0.868852,0.804085,0.109016,"{""official_metric"": 122}","{""vqa_soft_accuracy"": 122}","{""both_correct"": 31, ""both_incorrect"": 75, ""judge_only_correct"": 16}"
6,chart,document,visual7w,12,12,12,0.583333,0.583333,1.000000,0.000000,1.000000,1.000000,1.000000,0.000000,"{""official_metric"": 12}","{""multiple_choice_accuracy"": 12}","{""both_correct"": 7, ""both_incorrect"": 5}"
6,chart,document,vqav2,40,40,40,0.430000,0.515000,1.000000,0.000000,1.000000,0.800000,0.760127,0.150000,"{""official_metric"": 40}","{""vqa_soft_accuracy"": 40}","{""both_correct"": 15, ""both_incorrect"": 17, ""judge_only_correct"": 7, ""standard_only_correct"": 1}"
6,chart,infographic,ai2d,2,2,2,0.000000,0.400000,1.000000,0.000000,1.000000,0.500000,,0.400000,"{""official_metric"": 2}","{""multiple_choice_accuracy"": 2}","{""both_incorrect"": 1, ""judge_only_correct"": 1}"
6,chart,infographic,iconqa,117,117,117,0.222222,0.222222,1.000000,0.000000,1.000000,1.000000,1.000000,0.000000,"{""official_metric"": 117}","{""multiple_choice_accuracy"": 117}","{""both_correct"": 26, ""both_incorrect"": 91}"
6,chart,infographic,infographicvqa,831,831,831,0.179990,0.179543,1.000000,0.000000,1.000000,0.878460,0.762491,0.093919,"{""official_metric"": 831}","{""anls"": 831}","{""both_correct"": 124, ""both_incorrect"": 606, ""judge_only_correct"": 33, ""standard_only_correct"": 68}"
6,chart,infographic,mmmu,15,15,15,0.066667,0.066667,1.000000,0.000000,1.000000,1.000000,1.000000,0.000000,"{""official_metric"": 15}","{""multiple_choice_accuracy"": 15}","{""both_correct"": 1, ""both_incorrect"": 14}"
6,chart,infographic,okvqa,2,2,2,0.300000,0.400000,1.000000,0.000000,1.000000,1.000000,1.000000,0.100000,"{""official_metric"": 2}","{""vqa_soft_accuracy"": 2}","{""both_correct"": 1, ""both_incorrect"": 1}"
6,chart,infographic,textvqa,23,23,23,0.343478,0.391304,1.000000,0.000000,1.000000,0.956522,0.944009,0.047826,"{""official_metric"": 23}","{""vqa_soft_accuracy"": 23}","{""both_correct"": 8, ""both_incorrect"": 14, ""judge_only_correct"": 1}"
6,chart,infographic,tqa,8,8,8,0.500000,0.625000,1.000000,0.000000,1.000000,0.875000,0.774597,0.125000,"{""official_metric"": 8}","{""chartqa_relaxed_accuracy"": 8}","{""both_correct"": 4, ""both_incorrect"": 3, ""judge_only_correct"": 1}"
6,chart,infographic,visual7w,1,1,1,0.000000,0.000000,1.000000,0.000000,1.000000,1.000000,,0.000000,"{""official_metric"": 1}","{""multiple_choice_accuracy"": 1}","{""both_incorrect"": 1}"
6,chart,infographic,vqav2,1,1,1,0.000000,0.000000,1.000000,0.000000,1.000000,1.000000,,0.000000,"{""official_metric"": 1}","{""vqa_soft_accuracy"": 1}","{""both_incorrect"": 1}"
6,chart,diagram,ai2d,203,203,203,0.197044,0.309360,1.000000,0.000000,1.000000,0.876847,0.755659,0.112315,"{""official_metric"": 203}","{""multiple_choice_accuracy"": 203}","{""both_correct"": 40, ""both_incorrect"": 138, ""judge_only_correct"": 25}"
6,chart,diagram,geometry3k,192,192,192,0.109375,0.119792,1.000000,0.000000,1.000000,0.989583,0.949929,0.010417,"{""official_metric"": 192}","{""normalized_accuracy"": 192}","{""both_correct"": 21, ""both_incorrect"": 169, ""judge_only_correct"": 2}"
6,chart,diagram,iconqa,226,226,226,0.380531,0.393805,1.000000,0.000000,1.000000,0.986726,0.972412,0.013274,"{""official_metric"": 226}","{""multiple_choice_accuracy"": 226}","{""both_correct"": 86, ""both_incorrect"": 137, ""judge_only_correct"": 3}"
6,chart,diagram,mmmu,208,208,208,0.091346,0.090385,1.000000,0.000000,1.000000,0.971154,0.835156,0.027885,"{""official_metric"": 208}","{""multiple_choice_accuracy"": 208}","{""both_correct"": 16, ""both_incorrect"": 186, ""judge_only_correct"": 3, ""standard_only_correct"": 3}"
6,chart,diagram,pathvqa,166,166,166,0.361446,0.443976,1.000000,0.000000,1.000000,0.879518,0.844922,0.094578,"{""official_metric"": 166}","{""normalized_accuracy"": 166}","{""both_correct"": 59, ""both_incorrect"": 87, ""judge_only_correct"": 19, ""standard_only_correct"": 1}"
6,chart,diagram,textvqa,5,5,5,0.200000,0.360000,1.000000,0.000000,1.000000,0.800000,0.718421,0.160000,"{""official_metric"": 5}","{""vqa_soft_accuracy"": 5}","{""both_correct"": 1, ""both_incorrect"": 3, ""judge_only_correct"": 1}"
6,chart,chart,chartqa,116,116,116,0.396552,0.298276,1.000000,0.000000,1.000000,0.896552,0.791925,0.112069,"{""official_metric"": 116}","{""chartqa_relaxed_accuracy"": 116}","{""both_correct"": 35, ""both_incorrect"": 69, ""judge_only_correct"": 1, ""standard_only_correct"": 11}"
6,chart,chart,chartqa_eval,114,114,114,0.473684,0.390351,1.000000,0.000000,1.000000,0.894737,0.796915,0.114912,"{""official_metric"": 114}","{""chartqa_relaxed_accuracy"": 114}","{""both_correct"": 44, ""both_incorrect"": 58, ""judge_only_correct"": 2, ""standard_only_correct"": 10}"
6,chart,chart,docvqa,27,27,27,0.172840,0.151852,1.000000,0.000000,1.000000,0.703704,0.306023,0.201235,"{""official_metric"": 27}","{""anls"": 27}","{""both_correct"": 2, ""both_incorrect"": 17, ""judge_only_correct"": 3, ""standard_only_correct"": 5}"
6,chart,chart,dvqa,426,426,426,0.370892,0.370892,1.000000,0.000000,1.000000,1.000000,1.000000,0.000000,"{""official_metric"": 426}","{""normalized_accuracy"": 426}","{""both_correct"": 158, ""both_incorrect"": 268}"
6,chart,chart,iconqa,4,4,4,0.000000,0.000000,1.000000,0.000000,1.000000,1.000000,,0.000000,"{""official_metric"": 4}","{""multiple_choice_accuracy"": 4}","{""both_incorrect"": 4}"
6,chart,chart,infographicvqa,100,100,100,0.235048,0.135000,1.000000,0.000000,1.000000,0.800000,0.709742,0.128048,"{""official_metric"": 100}","{""anls"": 100}","{""both_correct"": 13, ""both_incorrect"": 67, ""judge_only_correct"": 1, ""standard_only_correct"": 19}"
6,chart,chart,mmmu,101,101,101,0.069307,0.102970,1.000000,0.000000,1.000000,0.920792,0.563588,0.073267,"{""official_metric"": 101}","{""multiple_choice_accuracy"": 101}","{""both_correct"": 5, ""both_incorrect"": 88, ""judge_only_correct"": 6, ""standard_only_correct"": 2}"
6,chart,chart,pathvqa,1,1,1,1.000000,1.000000,1.000000,0.000000,1.000000,1.000000,,0.000000,"{""official_metric"": 1}","{""normalized_accuracy"": 1}","{""both_correct"": 1}"
6,chart,chart,textvqa,1,1,1,1.000000,1.000000,1.000000,0.000000,1.000000,1.000000,,0.000000,"{""official_metric"": 1}","{""vqa_soft_accuracy"": 1}","{""both_correct"": 1}"
6,chart,chart,tqa,110,110,110,0.490909,0.384545,1.000000,0.000000,1.000000,0.881818,0.783680,0.120909,"{""official_metric"": 110}","{""chartqa_relaxed_accuracy"": 110}","{""both_correct"": 42, ""both_incorrect"": 55, ""judge_only_correct"": 1, ""standard_only_correct"": 12}"
